651 617 703 375 380
208 608
53 130
458 552
342 592
398 277
614 57
271 576
244 490
117 402
500 438
382 410
289 249
190 12
481 426
21 459
97 483
364 74
329 554
311 288
288 93
354 346
151 425
375 437
532 588
468 541
440 268
361 343
616 439
601 166
324 420
544 252
188 298
596 254
36 112
495 534
210 21
512 323
353 569
604 211
612 611
613 148
149 44
492 168
609 75
612 111
236 203
6 113
222 123
393 212
125 212
364 26
340 80
610 479
45 104
106 250
83 471
393 34
345 614
220 51
7 335
405 264
239 550
229 347
471 100
60 35
162 390
642 366
305 318
14 143
178 352
163 73
536 304
467 421
624 202
212 320
5 514
258 337
648 109
505 185
331 479
227 580
42 158
637 367
42 391
251 27
314 504
526 593
90 470
245 349
379 344
23 368
201 251
191 329
426 600
545 132
426 3
388 166
336 236
263 240
70 299
529 274
347 600
482 57
577 65
225 244
593 208
424 107
579 404
54 33
625 382
400 612
396 103
363 346
376 89
235 591
145 147
645 204
578 160
45 74
473 394
311 199
633 50
8 480
176 324
357 384
297 137
386 104
572 589
518 376
58 147
40 476
225 261
567 282
338 288
405 443
400 383
189 481
537 103
38 248
518 443
521 263
355 401
393 585
413 260
243 535
640 323
616 88
578 202
313 388
438 336
230 509
105 553
253 391
29 573
511 554
77 321
515 566
52 572
462 374
224 108
284 23
421 506
639 411
214 371
340 209
29 368
168 272
566 401
143 396
423 294
46 479
623 462
365 372
543 523
553 536
355 613
251 314
479 558
504 108
523 534
240 322
545 65
25 387
587 517
360 374
495 536
317 15
449 258
415 281
22 598
164 326
550 255
462 189
388 577
143 484
491 429
41 358
194 553
293 62
470 607
385 613
617 205
164 289
648 45
644 70
229 5
12 273
598 202
99 211
437 497
440 42
446 391
92 238
117 233
462 531
294 102
24 458
305 283
565 261
518 519
320 539
252 153
469 328
216 254
351 233
400 368
516 527
114 483
263 530
445 66
368 583
563 265
433 397
551 244
467 28
209 376
447 55
119 320
523 228
85 420
395 266
542 332
447 522
563 499
474 497
456 370
105 541
563 602
71 589
197 287
40 102
563 265
246 491
40 396
3 5
391 450
75 124
228 15
493 244
189 334
434 531
257 467
648 507
238 360
586 611
592 451
134 538
246 184
563 535
401 227
452 90
222 185
89 511
192 8
33 325
36 348
287 98
513 11
250 505
263 603
276 582
283 154
644 321
459 118
458 34
350 271
240 340
8 562
120 332
157 263
469 324
539 149
230 43
272 124
605 104
59 155
360 279
57 3
43 202
109 276
348 476
631 583
635 34
221 515
58 491
180 92
254 82
383 49
248 393
557 533
609 264
503 408
164 262
384 478
131 102
101 593
435 422
482 578
343 221
349 318
75 91
608 135
96 590
472 344
112 346
503 221
495 512
71 18
592 386
76 171
138 477
352 492
592 208
349 266
472 4
190 90
283 117
553 32
619 417
499 322
562 6
456 358
415 280
533 329
541 59
342 250
403 590
286 103
327 321
96 502
485 136
234 54
43 112
451 255
38 258
195 231
291 382
290 239
173 34
454 446
261 74
617 252
648 482
59 409
384 186
526 14
413 297
637 44
340 405
421 516
501 234
486 48
262 290
326 248
28 395
277 431
551 535
516 559
133 232
639 513
646 610
558 226
210 206
296 235
644 124
222 384
62 384
429 347
309 201
29 129
544 422
222 573
585 585
479 164
102 201
435 481
131 362
50 314
128 360
372 411
211 412
597 137
58 533
540 441
584 243
572 594
365 201
172 153
619 153
478 516
304 52
388 480
243 450
497 46
610 182
118 580
301 101
360 408
448 305
616 123
110 594
362 107
162 596
588 401
48 70
11 317
142 226
181 166
221 81
430 535
450 249
18 358
391 537
343 198
78 219
228 503
181 227
277 69
371 408
140 55
2 89
589 592
620 586
460 395
546 223
513 147
312 304
600 201
282 13
368 89
314 340
178 95
423 257
113 502
583 581
297 177
364 506
497 254
598 421
615 279
413 165
553 307
129 268
219 413
324 572
587 147
338 531
13 218
287 474
609 295
426 490
620 73
42 40
420 278
270 35
617 267
521 203
268 328
407 204
26 50
425 332
148 171
324 441
240 191
540 222
80 41
630 408
179 22
554 540
451 263
131 147
593 533
443 200
473 112
268 353
568 480
393 301
324 552
211 374
111 552
321 606
270 66
394 406
347 271
647 565
598 403
102 526
220 486
184 37
477 156
439 123
215 96
204 288
504 52
510 433
490 332
6 178
502 540
290 101
549 558
381 59
509 9
519 3
248 15
453 513
532 437
265 193
521 592
423 12
635 246
619 130
336 19
369 241
161 509
6 500
27 466
292 248
430 337
606 139
61 206
447 237
37 546
582 548
100 314
103 595
575 598
506 266
486 445
62 44
225 231
67 428
399 179
547 418
367 155
157 461
117 404
448 329
135 290
574 339
590 412
146 106
629 292
173 553
255 202
233 474
551 177
157 237
614 225
70 265
273 55
568 146
152 58
142 332
312 567
649 367
45 176
476 363
245 216
459 262
186 450
138 244
408 435
104 62
313 244
435 510
127 485
172 274
218 551
569 215
119 280
213 479
615 588
38 374
86 258
175 418
599 349
115 561
390 196
577 80
215 597
137 313
351 517
206 100
523 546
68 217
582 397
163 564
438 394
280 307
337 26
269 492
444 515
558 458
391 494
367 506
585 258
210 593
135 55
144 528
439 405
170 131
42 150
14 550
72 409
482 480
334 96
537 357
16 317
349 487
598 472
98 365
433 532
287 335
641 347
526 160
532 215
355 156
530 339
618 28
612 441
249 272
620 525
467 541
302 201
103 615
456 2
464 312
495 347
440 418
112 18
15 97
263 168
425 285
92 388
411 239
103 522
271 457
235 367
498 379
270 344
221 363
126 284
133 68
406 464
27 523
66 386
179 374
57 64
618 421
467 73
238 358
532 412
373 116
80 247
188 479
233 411
396 394
327 31
403 249
607 17
641 241
403 284
16 445
113 167
308 261
323 2
441 218
567 591
551 344
468 526
465 498
278 408
334 429
7 153
544 22
170 456
564 445
16 489
551 46
293 229
222 285
75 23
518 66
