129 634 176 21 72
7 130
49 437
1 550
117 419
26 556
87 388
36 236
90 184
77 258
62 37
115 405
115 415
57 541
84 344
90 58
18 31
61 354
110 256
74 371
44 242
125 53
68 296
56 607
90 427
94 277
112 275
29 594
91 235
11 124
115 459
117 439
15 572
115 124
49 470
64 437
125 377
73 342
112 159
4 560
78 582
3 188
92 327
73 36
80 263
92 423
6 549
28 256
116 185
82 516
96 339
12 564
80 368
41 354
67 589
48 597
30 137
102 51
105 560
31 324
59 147
84 210
115 213
118 597
41 432
2 428
101 74
86 29
14 6
67 451
37 136
99 47
51 345
44 94
127 356
70 317
5 561
26 25
36 112
44 446
23 547
42 488
38 608
69 102
29 362
63 86
126 8
69 380
115 320
3 593
68 318
92 111
17 211
66 165
57 332
70 41
118 611
22 418
118 383
124 494
3 208
39 522
99 32
46 13
125 469
82 86
62 304
4 553
59 251
39 508
24 26
22 151
40 405
105 101
85 431
116 498
67 117
17 58
48 237
32 496
31 246
75 255
53 209
15 446
99 38
119 407
69 396
43 478
74 314
42 378
22 527
84 270
36 591
43 72
48 73
90 172
84 339
119 1
113 213
5 12
80 49
61 547
9 20
14 84
36 512
98 217
127 434
35 549
111 347
125 272
42 455
102 253
101 543
92 555
57 108
110 315
75 447
126 626
44 61
69 140
126 226
24 133
89 456
105 533
108 405
109 586
116 211
1 320
85 384
2 422
34 342
53 119
113 164
7 565
49 111
127 74
62 282
