716 643 255 488 247
53 536
221 517
439 553
120 272
491 80
30 192
44 117
596 106
190 310
572 321
623 221
15 26
271 86
298 416
54 66
327 576
110 336
549 209
419 544
630 227
358 147
414 138
16 322
248 557
285 144
190 482
314 551
218 15
159 513
269 462
326 132
255 302
127 187
48 379
543 114
693 445
408 551
690 582
273 273
22 560
135 29
459 247
465 66
241 210
160 201
424 635
542 139
204 95
423 57
700 501
195 312
141 24
51 544
23 479
707 470
67 291
502 369
277 574
447 167
637 449
358 139
636 146
456 102
693 483
200 231
393 70
405 332
73 519
304 507
200 173
688 368
54 620
93 406
424 73
317 132
413 319
443 120
280 455
405 442
561 262
257 539
214 624
147 626
387 202
624 372
651 240
256 143
44 461
192 423
643 520
699 561
545 594
18 434
651 91
73 521
509 491
71 258
686 511
203 186
204 216
625 243
545 546
127 546
177 322
638 216
559 463
198 572
233 274
294 542
14 577
323 265
691 534
306 158
103 141
694 233
474 35
625 144
694 287
250 89
605 297
303 298
484 222
576 332
380 562
700 493
405 14
295 36
440 547
554 466
550 434
140 524
137 52
467 279
679 427
386 285
328 40
444 612
455 33
195 392
232 270
183 538
623 327
22 547
78 350
280 149
140 330
79 477
67 117
701 149
52 592
593 462
33 75
284 457
708 56
212 399
146 442
302 206
136 102
58 331
66 555
616 198
46 511
97 611
333 385
91 81
709 250
146 279
196 538
1 515
143 290
55 410
24 345
357 487
58 358
194 224
57 102
660 344
223 374
61 466
78 600
375 340
347 125
291 444
244 484
602 283
245 90
395 142
28 93
115 414
26 186
501 214
334 112
224 443
113 387
135 633
132 38
183 65
438 142
535 172
474 451
104 514
82 530
177 416
593 78
413 406
134 396
162 568
3 595
312 294
557 403
662 210
51 127
174 338
521 143
679 268
359 540
704 185
2 59
422 455
150 224
61 338
312 483
437 112
230 456
369 518
691 91
12 524
119 600
166 391
93 510
110 44
486 516
651 197
548 283
307 560
491 96
599 31
109 453
616 543
536 242
672 446
690 295
187 128
60 159
213 121
294 257
169 425
150 291
224 266
338 56
489 77
335 76
473 150
460 206
168 116
