951 27 749 234 17
299 4
935 23
610 20
478 8
96 17
515 10
425 18
363 7
490 5
637 20
210 19
794 3
773 8
524 3
827 23
98 7
520 3
102 9
136 19
317 3
878 12
249 10
788 21
912 3
436 22
469 13
387 21
898 14
474 11
682 24
359 4
284 8
465 10
459 2
481 19
885 14
584 4
423 2
310 3
772 3
168 14
684 6
435 20
427 4
844 2
935 8
288 18
146 8
836 22
883 12
389 23
125 22
72 7
948 25
318 22
883 3
823 5
439 20
622 25
109 6
105 9
276 11
384 11
311 3
368 3
341 12
698 7
118 12
161 1
861 21
466 15
606 2
666 10
395 3
928 21
511 14
712 8
635 16
626 14
309 19
157 23
708 3
66 13
401 8
203 20
703 22
578 4
80 5
745 24
325 12
103 4
596 10
813 6
201 10
228 12
417 9
753 24
148 1
181 20
325 25
918 8
127 7
675 17
247 20
176 25
103 22
892 8
611 23
864 11
102 4
20 17
313 16
770 19
205 1
565 8
540 23
140 2
772 7
511 19
910 2
403 3
116 19
56 7
631 20
813 25
110 9
562 18
439 10
218 1
153 17
453 3
75 2
417 11
71 9
490 17
777 18
924 18
386 23
257 5
555 19
576 20
921 4
136 2
461 6
250 4
697 6
183 20
901 11
748 20
262 10
765 24
715 21
501 13
538 15
620 14
2 3
359 14
392 6
463 13
459 20
871 9
433 24
55 14
254 14
396 18
146 24
680 11
620 19
146 7
890 22
156 2
371 1
299 10
384 20
611 11
919 4
774 25
509 2
814 11
812 16
521 24
833 15
258 8
584 4
797 16
936 23
862 24
602 21
390 19
809 11
557 20
674 24
707 3
279 8
388 12
583 22
626 9
585 19
73 22
445 3
929 19
885 23
839 24
291 17
677 5
723 5
254 9
945 20
493 4
87 15
143 9
452 24
921 12
777 14
119 17
815 10
624 22
902 14
427 1
742 13
513 12
600 10
789 14
79 18
181 20
18 10
32 15
334 13
751 23
378 24
792 16
181 22
434 19
664 25
204 8
342 5
386 1
227 9
898 5
743 1
621 11
225 11
384 8
190 18
806 11
56 12
759 21
498 21
76 16
569 8
510 16
623 8
930 1
826 25
300 12
310 21
57 24
639 16
482 20
598 10
97 3
607 5
874 6
71 2
206 3
256 25
59 23
661 3
841 17
604 3
488 20
213 8
570 4
61 9
792 1
349 5
66 18
868 11
520 19
554 4
935 8
869 12
641 16
897 5
773 8
96 23
310 11
115 10
210 21
667 9
387 3
756 20
460 23
237 2
764 11
761 7
19 14
99 7
198 22
653 8
434 5
124 7
889 14
380 13
257 21
406 15
830 14
540 9
447 8
235 18
325 2
940 15
407 16
397 23
560 23
471 14
141 20
868 21
329 23
367 4
296 14
945 8
549 7
327 9
319 22
314 6
84 19
654 16
742 21
233 24
116 13
450 18
632 25
714 18
325 7
936 4
537 18
418 10
45 14
934 3
472 8
99 1
247 6
752 12
636 18
263 13
87 8
651 10
469 23
946 23
530 7
231 2
11 24
309 13
918 25
452 1
298 18
265 2
17 7
413 14
560 7
237 20
639 6
873 9
178 11
414 10
667 13
209 13
77 17
712 17
768 22
889 9
889 12
599 15
641 17
470 7
830 22
643 21
1 13
816 8
193 19
208 18
659 12
553 1
908 12
505 21
703 18
118 14
40 9
129 9
730 22
628 25
845 2
824 10
84 6
210 24
307 25
88 17
801 2
877 6
425 9
431 10
525 25
687 16
918 8
571 7
458 3
167 2
135 14
913 13
571 17
434 23
560 2
707 23
514 19
827 5
694 3
33 9
885 7
812 11
98 11
865 1
923 13
19 22
70 14
294 7
475 22
402 7
696 1
818 5
357 16
585 20
140 18
835 14
178 8
446 7
897 16
630 9
204 13
198 13
205 9
269 20
413 4
304 5
692 22
246 11
944 15
354 6
580 11
836 17
501 10
311 2
151 20
146 4
372 4
170 11
475 15
110 17
180 21
809 4
507 3
863 22
142 11
493 23
197 23
177 17
746 2
101 6
547 14
810 10
383 23
680 1
688 1
554 13
375 22
261 13
446 2
156 18
312 13
846 9
259 21
16 14
251 18
580 15
750 17
394 19
462 13
656 10
219 2
935 18
104 19
30 9
525 12
451 12
92 4
387 8
649 21
337 9
870 3
741 11
328 16
137 18
75 12
152 1
319 7
761 5
708 18
527 23
897 3
661 5
776 22
808 25
178 7
654 10
527 17
194 11
138 17
862 15
204 2
67 7
142 22
483 3
895 6
526 12
624 16
902 9
39 17
556 16
35 15
478 12
576 7
698 19
929 18
840 17
574 3
610 11
358 12
762 10
743 2
486 10
3 21
318 14
855 8
808 24
25 11
724 21
531 8
421 12
712 18
173 11
354 24
616 2
626 8
882 16
359 24
918 5
271 22
835 1
811 7
925 11
356 1
432 21
337 13
35 24
345 6
528 23
124 7
305 24
672 9
661 20
792 20
175 3
916 10
58 25
482 12
750 8
697 23
253 12
914 17
93 4
851 13
503 8
346 2
625 4
131 7
558 25
218 6
162 25
793 6
371 14
697 24
461 18
429 17
889 10
4 12
894 19
316 21
938 2
565 1
422 23
388 3
597 2
127 12
70 24
508 8
164 14
216 13
472 12
31 3
632 19
605 17
876 25
663 16
68 10
592 18
483 23
66 7
447 9
210 12
734 4
824 24
233 15
940 14
485 2
526 19
5 22
671 8
462 8
116 12
397 13
432 3
917 21
949 6
240 20
80 1
153 1
684 19
361 10
403 8
756 6
775 11
919 25
346 25
171 8
946 2
787 21
360 23
562 11
523 18
65 18
353 3
728 12
491 3
928 21
946 2
336 5
280 5
161 18
731 18
704 8
249 8
654 6
630 17
563 15
368 9
353 2
173 24
97 1
63 12
323 24
260 25
350 2
36 15
414 14
717 21
48 16
630 25
685 19
248 2
303 18
19 11
841 2
497 20
113 9
296 19
351 23
829 22
727 12
570 15
868 17
662 23
288 4
635 1
98 20
68 11
600 22
945 11
628 16
630 7
348 24
323 20
51 18
748 1
185 11
477 1
483 19
84 7
475 6
662 25
422 12
236 21
747 6
67 17
379 24
332 15
342 16
216 11
169 24
536 22
886 7
700 10
101 13
173 12
484 17
183 23
464 7
703 11
679 21
741 13
200 6
931 1
244 23
275 21
551 15
371 6
69 4
359 14
7 23
232 23
877 13
909 8
134 17
738 4
602 3
70 9
136 17
784 23
340 7
875 14
