305 874 738 2 272
42 347
246 457
254 25
253 572
201 549
92 726
296 273
53 866
165 825
281 869
285 322
173 440
132 655
272 244
199 217
59 687
115 23
281 492
21 671
217 735
225 241
258 777
102 855
87 234
257 700
156 21
210 735
264 86
204 97
266 48
177 663
215 81
157 166
243 361
56 408
294 492
26 405
183 659
17 523
100 279
240 641
94 124
180 390
104 619
167 100
76 458
69 686
175 631
109 416
54 176
154 144
152 371
35 512
278 251
144 337
121 332
14 480
202 413
212 609
72 808
71 357
5 455
123 231
146 114
267 847
204 601
202 766
279 330
27 561
155 125
271 61
140 559
45 156
30 367
278 307
279 851
265 511
279 500
276 612
87 225
45 24
254 294
236 133
206 59
78 592
256 806
102 562
279 581
80 525
297 435
43 518
196 459
193 451
191 32
68 736
177 126
137 30
176 602
217 446
253 10
134 866
127 668
139 72
189 101
295 320
160 25
107 24
151 38
145 397
157 754
32 111
72 355
302 491
163 149
165 418
47 812
105 93
150 848
88 586
48 104
259 540
153 710
13 29
258 645
193 137
6 442
57 69
97 343
268 792
268 34
247 684
60 338
32 325
300 721
102 368
168 82
109 596
204 654
185 844
283 228
73 796
164 277
150 29
258 789
140 552
52 250
168 232
92 102
130 13
235 538
109 581
253 542
93 844
49 112
216 721
188 839
48 19
174 330
288 562
21 673
133 278
145 384
143 478
200 423
56 706
58 310
244 267
263 738
26 196
176 848
210 685
60 130
143 176
236 613
159 708
257 863
208 25
172 597
37 841
198 771
250 418
49 51
52 90
159 72
141 256
145 731
46 764
51 730
61 220
22 617
138 476
142 569
196 266
45 244
290 146
271 822
287 260
24 411
197 462
27 646
173 834
221 8
165 672
137 582
163 276
164 117
138 620
68 364
282 150
141 122
141 805
124 217
287 831
263 233
206 671
84 692
275 415
90 618
126 809
117 739
137 542
174 864
150 772
10 560
42 116
130 159
126 677
19 549
52 122
294 864
295 223
67 736
38 56
209 825
114 450
225 592
22 765
205 714
135 312
138 217
123 215
37 106
79 516
158 816
99 40
174 446
153 120
142 112
207 484
283 118
89 367
149 87
274 642
199 775
244 585
252 628
198 794
95 468
213 299
19 568
215 697
101 494
44 708
175 860
229 509
46 486
218 737
247 591
246 761
261 290
294 65
166 616
50 588
151 759
219 688
60 373
54 533
20 195
247 805
45 737
226 357
68 713
77 554
288 67
138 788
112 661
116 469
177 428
248 786
212 841
294 408
16 359
168 500
212 421
147 318
175 204
235 614
276 341
59 773
280 866
69 869
286 833
55 300
293 741
128 498
16 806
289 493
54 390
70 285
203 122
7 587
207 743
170 131
214 597
28 416
119 774
32 637
88 225
231 370
283 692
113 125
2 279
82 42
280 824
232 402
35 342
108 209
36 834
55 803
129 725
167 404
6 628
195 612
71 633
171 21
217 785
195 370
162 455
49 118
141 418
149 503
226 200
25 553
166 788
25 574
303 378
21 133
91 477
229 861
274 307
284 31
120 326
287 790
39 258
168 659
189 165
278 198
162 97
199 527
253 594
89 838
23 776
302 554
288 513
158 593
288 806
81 584
145 394
125 775
123 178
12 76
241 711
196 168
134 682
210 317
163 816
184 490
182 249
285 448
236 790
45 22
51 499
62 690
107 841
216 717
51 834
36 30
289 786
291 247
17 796
51 685
210 175
302 192
188 80
115 278
151 760
137 7
73 561
33 612
270 375
28 305
45 756
93 648
264 633
15 588
132 394
138 438
90 614
51 311
205 512
65 486
28 530
231 30
139 41
143 249
237 640
227 469
53 133
274 640
142 362
49 164
214 670
208 120
130 17
127 107
159 42
208 91
293 519
46 787
240 778
63 113
98 499
86 710
51 115
268 69
122 233
153 445
78 235
164 442
188 324
302 565
286 691
112 191
103 455
175 247
232 610
267 62
17 90
58 161
166 347
197 285
133 536
257 707
295 827
225 160
69 525
10 711
270 64
103 362
198 862
222 528
32 553
242 562
112 599
58 209
138 16
67 391
207 214
257 844
281 347
28 601
116 329
200 726
144 30
293 682
100 734
57 183
38 396
74 838
200 848
81 223
277 531
267 335
204 417
18 657
156 310
187 342
193 651
145 75
61 533
274 809
186 20
40 296
111 595
203 150
114 154
293 563
78 108
55 191
261 572
106 643
71 175
296 200
227 147
59 540
12 866
70 482
32 836
275 432
262 79
221 462
230 62
176 252
94 389
157 585
1 650
146 838
130 86
249 669
242 104
80 476
134 5
73 340
173 72
291 565
209 205
153 394
171 731
152 286
108 432
151 136
25 572
178 222
102 808
72 646
23 484
71 150
35 701
19 761
106 216
190 26
184 274
21 396
298 180
199 791
97 38
108 515
245 622
19 747
251 238
44 794
186 797
55 705
74 681
189 56
46 746
62 298
68 271
170 68
155 747
20 316
132 99
35 43
268 751
139 223
264 44
141 179
130 565
154 834
84 854
141 863
18 218
89 8
77 866
272 93
21 826
151 435
238 730
198 621
166 333
132 832
86 241
98 570
88 137
279 570
104 256
236 853
157 695
249 810
74 670
256 240
272 569
183 394
279 231
76 742
140 567
293 616
173 250
213 329
291 749
198 115
63 635
227 275
104 702
180 284
132 725
288 82
133 488
302 193
198 429
301 790
246 451
229 121
212 582
109 521
44 505
255 140
288 120
232 400
219 522
180 659
34 545
250 88
92 297
115 119
147 404
65 303
108 213
302 705
211 626
34 147
42 201
298 145
148 22
85 431
301 859
208 558
77 265
20 345
76 70
174 344
56 733
16 240
196 99
135 464
259 331
172 35
54 527
255 564
3 121
224 61
151 625
80 695
28 644
216 680
126 766
103 106
170 462
258 836
57 366
104 461
108 860
52 695
216 94
102 660
116 476
179 411
32 84
12 735
104 40
301 70
217 274
103 619
100 74
282 437
188 85
89 618
23 805
110 707
243 563
244 785
244 586
39 139
132 52
81 505
136 797
211 630
229 41
7 558
130 746
99 169
48 305
97 810
104 437
252 263
147 207
205 838
192 627
199 814
209 78
80 689
183 816
33 783
240 577
144 689
93 857
252 726
249 856
56 327
135 846
172 770
187 61
40 825
188 685
298 518
232 138
34 185
297 315
116 323
166 332
78 334
189 710
155 254
303 625
263 815
125 539
116 362
258 174
300 633
160 832
8 730
160 496
240 353
116 736
212 108
64 65
154 569
184 19
