705 332 83 29 153
16 255
675 197
139 259
48 67
376 303
643 97
367 323
228 312
232 317
284 276
457 204
101 72
125 278
672 288
6 39
262 64
84 328
353 321
534 267
316 313
144 211
280 265
174 231
352 192
24 24
223 70
326 59
561 76
86 239
375 62
668 180
271 327
121 54
260 214
687 136
65 202
51 313
652 61
516 7
560 70
508 118
699 200
548 136
106 241
77 329
162 128
284 144
353 111
614 89
371 10
573 232
361 228
73 249
7 69
218 121
637 27
124 133
537 291
524 260
186 144
651 225
264 77
433 24
482 69
132 173
88 160
424 171
539 45
313 65
369 202
471 284
429 292
321 10
159 301
422 161
136 180
439 11
656 145
193 149
316 14
570 115
602 116
602 131
