342 92 388 311 18
66 77
279 39
52 41
235 60
139 55
222 48
158 83
2 11
121 26
61 89
278 65
221 70
241 35
332 6
110 26
93 7
108 12
184 78
339 79
193 62
75 9
194 34
232 16
260 59
89 54
214 70
250 39
313 26
174 33
107 75
112 83
187 25
145 34
263 66
335 90
217 86
71 29
245 34
177 48
103 73
221 74
177 90
268 5
39 85
316 88
229 84
323 30
72 77
76 11
9 41
315 8
42 63
30 62
154 14
178 9
275 25
302 14
274 78
66 52
7 62
7 9
279 57
29 13
19 78
194 23
306 58
150 69
192 48
89 2
11 56
83 11
134 66
46 84
212 36
93 89
253 58
211 89
274 75
58 2
26 1
304 80
285 12
247 46
203 12
310 10
281 47
316 66
65 46
230 69
49 37
49 70
166 68
297 41
47 14
239 58
125 31
145 10
56 66
212 34
51 82
181 51
105 31
111 54
146 13
204 87
299 49
286 11
194 44
280 70
67 84
276 81
192 22
45 82
270 38
14 73
333 20
36 13
222 30
36 83
31 82
335 54
10 18
18 18
112 37
283 62
334 39
209 5
209 34
187 10
288 88
29 24
260 66
160 24
303 33
312 59
89 50
274 74
275 9
208 59
195 71
118 37
94 84
67 35
72 17
134 46
85 81
150 6
238 86
79 76
214 34
105 81
46 23
80 17
72 78
74 13
97 31
39 33
48 8
184 88
185 90
211 19
331 3
324 89
161 71
210 41
225 57
262 90
34 52
207 19
176 23
150 82
186 21
81 73
220 45
269 28
301 17
24 63
92 64
86 25
61 13
294 90
172 72
277 12
50 34
261 41
339 57
337 21
162 81
93 82
84 73
244 17
158 87
332 40
226 56
297 20
338 43
235 18
273 5
68 6
155 40
46 21
260 63
139 66
204 39
106 90
168 80
318 4
31 11
320 38
319 90
302 1
42 87
269 19
253 77
251 88
186 50
17 28
89 36
128 74
72 23
196 20
93 32
38 44
167 56
257 53
62 28
33 2
260 10
71 60
107 81
246 83
97 50
208 44
172 53
332 45
55 37
325 78
144 3
13 15
118 75
314 32
240 80
39 51
56 61
65 48
201 50
178 90
242 31
4 37
124 9
117 60
38 24
115 69
150 18
190 77
326 26
84 7
288 11
207 36
258 43
162 23
264 81
158 72
320 21
226 36
253 7
202 59
337 28
251 80
327 35
167 63
27 86
155 52
25 73
43 36
203 68
113 21
316 67
320 89
340 69
206 72
135 73
240 78
180 34
58 21
252 9
273 88
220 2
176 3
188 84
62 77
303 78
81 2
211 52
227 29
298 16
166 34
129 4
110 5
199 49
23 17
91 14
168 76
63 10
170 77
38 65
158 70
243 40
52 86
53 15
185 52
27 48
11 12
318 78
124 6
339 66
323 4
79 54
115 59
240 33
316 67
274 83
1 34
317 9
145 22
87 37
108 7
282 33
17 41
54 30
130 44
194 64
200 64
232 1
100 74
273 25
225 28
146 15
314 79
262 20
269 33
172 88
11 49
275 3
23 27
152 30
339 83
327 90
83 61
218 29
263 17
248 46
241 58
265 27
178 80
101 61
252 71
161 85
249 17
38 46
97 59
301 78
37 22
194 61
206 37
191 9
256 24
87 56
59 76
248 81
294 87
150 59
154 9
214 15
201 9
26 9
138 52
197 82
284 11
8 10
75 70
15 37
51 18
126 51
33 46
182 39
324 28
203 78
