108 887 127 49 515
45 657
28 132
76 468
94 287
55 17
22 64
2 75
37 865
61 392
56 755
21 363
4 519
84 763
85 299
76 193
75 315
41 396
40 512
30 802
66 2
89 876
15 192
59 374
55 117
89 216
16 12
95 137
92 19
66 401
74 487
47 71
86 183
24 55
6 2
45 841
90 397
94 344
12 119
80 513
3 568
62 522
40 211
44 355
75 16
57 591
100 365
97 834
94 668
105 303
5 286
99 117
16 739
36 790
7 489
19 484
85 147
50 296
59 881
25 334
32 395
1 348
106 539
34 144
57 234
67 464
44 838
6 738
83 536
72 469
43 307
1 556
87 722
14 840
37 689
100 715
20 282
67 868
55 304
94 719
48 717
67 3
64 268
97 196
103 244
5 752
10 786
16 209
41 396
82 496
103 518
82 687
14 24
81 721
27 136
27 248
17 336
50 55
63 161
88 38
46 49
81 154
98 282
54 217
4 661
29 651
105 128
81 536
54 858
54 26
99 587
103 492
76 310
80 527
5 250
10 161
24 483
101 365
56 630
102 672
91 689
71 621
69 142
77 687
25 847
32 357
17 328
82 693
