283 111 341 188 42
191 78
233 100
39 85
144 87
74 89
12 67
118 72
267 6
140 83
243 26
185 70
230 59
149 2
63 58
279 31
43 45
55 41
246 58
171 78
148 20
23 85
4 43
220 100
40 89
38 21
184 42
123 87
184 86
269 59
129 75
231 52
141 73
76 91
110 7
143 23
272 89
24 102
55 85
97 95
219 49
278 48
81 96
197 107
169 98
156 22
254 36
68 38
28 74
88 37
167 63
129 87
249 81
225 26
25 64
132 93
115 30
270 56
58 86
169 68
104 73
14 98
213 45
74 79
189 43
259 76
39 51
59 3
96 78
143 65
97 73
169 101
65 32
19 27
243 89
156 54
84 22
133 47
233 12
18 1
164 61
158 23
1 31
96 87
221 102
80 109
139 21
147 74
163 106
94 64
136 15
56 33
225 96
107 44
177 86
50 27
228 13
265 45
67 79
184 8
257 109
188 89
32 98
112 60
55 89
132 43
219 32
232 41
163 31
126 46
100 76
1 8
30 107
187 107
247 47
49 59
74 12
93 107
111 93
176 34
251 109
67 27
149 40
233 59
217 87
219 27
70 84
1 73
167 42
119 96
16 22
251 13
273 27
115 41
176 103
97 36
248 43
187 84
10 28
219 5
202 79
264 40
241 90
228 63
49 73
160 57
178 14
264 23
275 105
194 64
59 76
186 26
107 59
6 87
29 9
108 24
44 21
151 103
122 38
110 77
164 104
30 55
43 106
64 25
112 65
262 44
191 65
157 86
56 87
235 21
239 105
155 55
253 95
44 44
52 81
136 46
21 5
3 50
183 39
121 83
212 48
77 50
242 106
175 3
261 24
238 24
174 26
101 39
59 3
180 77
225 74
167 72
133 48
280 22
109 93
33 13
189 35
137 65
98 57
123 74
88 8
129 24
17 47
10 33
1 41
28 93
216 90
133 37
53 40
99 10
18 10
192 88
161 77
3 61
281 56
255 50
3 71
279 107
72 20
42 103
146 26
204 88
247 41
165 91
152 50
71 16
255 3
273 35
234 105
230 61
234 33
281 13
121 78
259 28
93 74
200 48
127 70
86 67
30 58
4 23
160 9
130 83
129 75
107 75
183 64
130 65
267 74
3 11
31 33
88 64
235 75
220 10
106 90
71 51
76 56
196 51
148 7
15 22
204 29
245 38
101 13
64 91
51 97
137 25
107 2
52 84
184 101
256 50
61 86
115 66
84 105
161 47
1 51
164 98
247 99
230 98
61 24
76 9
153 50
6 78
230 18
93 67
277 71
84 41
154 49
130 78
10 20
22 39
262 60
15 81
192 11
128 27
3 60
280 46
35 56
4 102
281 91
156 102
229 53
7 42
73 97
129 49
55 91
37 14
5 100
63 5
163 97
52 21
226 29
73 10
147 1
225 90
220 103
247 38
272 16
226 62
15 61
63 70
76 55
189 17
188 37
104 106
163 73
178 76
264 36
240 63
35 68
204 89
29 54
65 90
183 104
160 95
90 75
88 8
37 92
20 63
157 44
253 8
77 71
71 99
236 13
138 13
