12 89 22
73627 45648 65003 85067 95205 42868 -76204 86643 27971 -29396 46522 96205 -45538 5433 -45157 56489 15861 3699 99955 40627 86347 11350 -42319 72942 22226 74951 94599 8964 45838 -31031 55199 6646 69855 77837 -68434 80497 -30638 -10306 13934 45095 18921 -63466 10606 -20904 9738 68758 38578 5426 19820 -44241 10205 60624 -60378 64069 -95948 27555 82465 60548 24089 -41705 33264 8196 -64025 71429 4467 73347 -15513 16860 -43990 -22047 65696 11115 79344 -15882 45052 54638 -94966 46595 53022 -20494 -84797 -7361 90393 72061 85955 34676 11495 36974 -3191 
12959 -27324 -86659 31915 38478 93041 34265 -54379 35122 28534 84679 87133 54913 -92758 -18376 26525 54175 76012 85645 16993 91209 52456 10906 790 3444 81729 97788 -67203 5777 56323 70675 76345 -17810 19257 -26837 42060 85395 38819 18182 82701 -11355 19020 45720 92089 45689 -80703 89169 84687 41554 12289 28809 7887 82937 25743 43465 7842 5944 76189 90041 -63430 -9802 -23153 98498 -20451 -36226 -39897 -1240 29748 66380 -44853 33502 44684 50581 35962 -48495 79730 64883 381 -43599 92923 14980 2223 -30514 -22909 18244 14749 16956 -70660 -55974 
63283 48468 42442 -91449 26959 45963 -82834 -13311 97906 86228 -78335 44001 -46894 57245 38454 44088 -89551 76451 49402 48188 55783 31607 99425 -93412 27607 -85016 61128 83777 -22237 75394 -14353 77595 33504 80160 50487 71887 -26235 -71253 57541 40976 48825 -55527 33943 69043 -98023 69262 51376 -19613 94648 -86047 9100 -25943 31380 -71463 9533 35373 87121 -81995 68201 -52130 -6052 71951 -48918 -74706 -94008 69989 45703 99527 53495 9853 -2940 86666 -80334 36986 -92128 5823 90678 -11824 32702 62499 55578 -21006 54211 -72439 30617 14482 84075 -90372 18217 
1593 -35576 -14335 57864 -28997 57404 19396 8881 81806 -51530 12861 93487 99569 20299 73524 88167 59706 45679 95702 -43860 60322 88552 99861 26275 43871 56642 -41432 93688 -61198 45616 -93693 94521 -12014 32021 13679 -60823 73322 15255 61338 50349 70502 49836 -66394 70503 30019 51908 81211 -34643 -77026 492 35769 -10152 89733 -22011 -6244 83503 62917 76512 48553 9191 49143 -69957 18496 19497 -33643 27577 -23511 54262 78209 96121 57566 -31829 70001 -477 97062 -36952 73895 97797 72496 30657 51820 6704 76638 31469 -95531 -96500 -88765 51513 -84773 
45361 22280 -21208 41437 -98227 56179 -22493 66981 -70112 -83107 82545 -77455 41168 -51101 57925 85396 -40546 53048 76910 56249 43585 56130 -74598 64877 7866 41011 77203 36289 -77562 -82411 -93842 -27806 44629 24854 -54458 44642 6960 15131 -25938 62890 91613 72954 33760 -16655 43095 72155 93632 -8391 74131 62224 37831 71447 26115 97930 -48032 54794 32595 8021 97932 40626 939 99466 23408 -65292 2070 -67767 77066 24692 59524 88193 -96603 69920 64873 93349 -36868 89547 72553 29926 56799 -25253 96128 82853 56267 -45663 45688 10070 88692 43918 -24236 
88566 82581 28072 41035 40404 73627 42059 91573 89065 -68047 87744 826 -19494 -96387 11298 85412 7048 67081 16474 6585 34985 97057 4614 -91235 8198 59731 13176 -16769 33510 98775 53015 -44461 9162 -23885 -82614 84211 -43170 42960 -649 48145 98388 83246 72140 -40784 52438 -76651 -77080 63523 36288 86934 10040 -46465 98505 71447 24151 36891 97267 63439 64669 -17536 68794 -55980 52742 36960 -20696 49940 -30764 95938 6132 66669 -94294 26121 22281 23389 701 82633 -507 44117 6394 19623 30439 63919 -24569 -17946 -50487 67849 87996 42768 39027 
99282 -90581 45251 -77329 75992 -55195 -33155 21449 24406 24851 79178 -98910 -42104 70097 62790 62675 25643 67996 11288 187 16663 20087 -97143 56221 -7642 8910 58097 4049 -41515 76714 35015 43168 37584 -51256 92251 93677 98029 63642 -39379 26114 68959 25509 98052 -43401 -91758 2207 43196 -10515 15970 -14491 56143 -68999 63576 -71671 50462 -95358 -26176 34507 -3946 -30425 10519 81335 -39011 64896 69604 -44448 -15953 53865 65493 99340 -31073 10360 61087 93753 74909 11177 48747 41050 68335 5028 93677 62267 -62495 85634 98772 -33756 -98215 -10575 60941 
73893 93382 -19303 42864 51936 52659 97109 8318 85971 -20267 1765 -13763 53286 -75462 88835 -16668 49919 18880 -69547 82028 71483 -97786 75481 -67612 53524 -17799 23979 39203 4936 81448 -63441 63961 85870 -88110 29945 6887 72613 -84565 11101 37358 96253 37849 -38617 28671 -41069 32153 38960 45837 41792 3158 -68213 48517 6473 78166 37938 76706 -75783 -2446 -234 81729 6021 -60406 88419 -21744 12722 65188 30862 22746 62944 -87271 85182 16195 -44674 55172 91476 92779 51765 -67744 -67482 48391 -34000 31832 -38261 69222 6593 42715 1207 -43734 92920 
5158 -18405 28214 90034 10345 97688 -34774 13810 65553 -20528 47200 60710 15569 41168 -23933 58353 2211 90411 14314 63958 31952 81169 -20262 98866 18574 -77597 91397 -37393 33980 52407 -32203 -37875 32024 64472 72024 12888 30354 -36273 -8838 21438 -64555 83421 68247 93465 89677 89332 69806 -99262 -15519 38681 24043 -22065 -62425 -64299 77009 -26009 -48542 -47162 95295 -63608 -82078 29684 -89342 88833 70303 32456 34070 -94401 13852 20153 81249 -42937 35897 39652 79018 -19090 -58449 12135 58190 5015 92911 62220 53537 27816 48094 -17881 44225 16143 -97827 
33379 15444 32271 73006 -96524 31136 -56243 41622 37824 26898 21323 -3416 21248 -75074 -84410 30503 -59432 15707 2503 34635 99746 48782 -17900 71846 58772 50985 52900 45042 37938 87029 -46328 -87486 40965 60750 36396 89722 39609 91042 48690 22591 77391 69010 -60068 28668 25911 12095 23530 47422 -64536 69167 10120 -38124 -82935 96413 18872 85198 78257 37025 -17060 8371 -87748 54382 37108 8890 -75556 -42800 7018 49283 30385 93140 -49222 76064 87202 93290 35193 86527 -68994 73066 77384 -48537 -65822 -43289 74076 13138 9370 -23302 15328 60495 66439 
24687 32642 11226 82779 93290 -1555 50394 22956 70746 42514 13820 79863 90154 44850 45105 40758 -69142 -72760 -55237 78624 -80710 -24075 75808 19806 17533 -1453 83029 37269 -91580 34943 -11658 83224 -10997 5997 78431 35951 44920 57791 79438 98354 -20642 -27140 -53350 99942 42904 253 15178 56555 79921 -30715 91609 -61514 -31245 -47097 -1126 45534 -43431 -95704 85420 41290 -61055 -8343 48871 9374 -34773 11817 -57390 31414 46191 82138 1666 38031 -30282 -63787 86551 -76949 -56016 48421 37110 94737 77600 6965 47331 -45306 87187 58922 73947 -68118 -63852 
-24630 7585 73719 54295 96838 34300 89249 93132 -26651 38443 -95007 -36625 94051 -62687 -77115 12382 7316 54691 -57843 -83685 39822 47202 29557 25157 -17210 -61234 14974 -1971 -84 -55753 -58081 87424 57957 -12164 90011 85361 -34607 70300 72508 33876 78130 72953 -61610 -26253 -6065 28125 20069 2791 804 45629 39859 56234 79967 52075 90874 52919 41716 22352 45450 26603 -22183 27171 -53326 26554 -45163 -5006 24098 -83036 85878 88041 18309 -39896 46809 89094 60292 67473 -60900 74760 44867 -8380 -49321 58346 -15805 -56420 15808 17580 -38517 83192 -78859 
10 68 10 86
5 16 8 85
2 46 3 81
2 6 11 56
4 76 8 89
9 64 12 74
2 17 5 64
3 74 3 81
1 83 1 86
10 68 10 68
4 13 6 19
4 26 9 28
9 73 11 79
4 54 7 68
8 58 12 60
7 68 8 77
8 32 11 41
10 50 12 80
6 2 6 22
1 84 2 84
10 82 11 83
6 51 10 66
