83 4 83
95558 -84952 -84231 37896 
-13324 21974 -98571 12599 
28613 74454 79570 17712 
22270 -93954 70890 -76627 
-22076 78569 38104 6829 
-77746 19896 86943 74880 
-9462 12611 -57356 59995 
60843 23532 78922 1404 
62551 20637 51468 45680 
62105 -54992 77315 -44033 
-38838 -88748 -67036 88245 
-46912 -89248 -27557 -88980 
91221 38961 65045 87489 
3025 38562 -4422 2224 
61534 35102 72074 -29531 
6834 56860 84417 19788 
9699 92081 -60551 -84845 
68233 80956 -38885 79324 
-58914 30844 65164 86250 
30393 24728 12540 -79662 
24211 1553 -54844 38336 
26398 2663 78731 69926 
58308 44875 57662 15261 
54538 9811 -54999 47717 
63003 75933 -65220 20872 
87188 68094 -63079 -69500 
-37802 -71444 77861 94777 
23079 -87730 23214 68313 
22757 86680 31926 23163 
-77240 33730 53399 -66983 
2754 7692 -81608 28036 
18243 22191 24374 -88844 
71679 1291 -32453 -77240 
83507 20992 50741 -7076 
-14406 40172 56472 -55730 
84716 83519 65366 95946 
48169 -16840 34556 -87814 
78617 24458 68955 54286 
84396 -9683 -40093 12435 
26752 -97453 58441 12795 
-57521 -27503 63606 71238 
34045 90709 7919 78206 
4227 62131 36396 48664 
36745 18464 -18880 -65631 
-60092 94630 -63222 -2827 
60412 30373 24240 -15919 
24630 -23737 5318 16697 
46987 -69350 -86868 -70731 
-86736 60078 96550 68760 
18728 62862 82933 7227 
-82452 74994 124 18692 
8988 77320 -18204 -63162 
-1702 97825 -19281 54471 
-76204 80427 77315 5492 
97035 -17120 -23755 49396 
98749 -51756 -58212 53119 
4436 -87986 83590 67075 
1172 50903 27814 50376 
74136 40152 80113 4312 
57798 -69214 60696 -92525 
34344 -63978 48485 -27330 
31005 32315 2004 -41706 
-91972 -79162 34891 95159 
4142 75974 -94507 54556 
97119 -45889 -73777 91213 
41804 57749 14642 36682 
27191 -29967 98258 -80656 
36932 30219 39595 59204 
48640 29813 6923 1890 
33172 25863 17617 -43961 
72910 -78501 20703 79476 
-97977 55747 96122 -6594 
-1448 19296 52950 26299 
-15478 -44450 81206 -36732 
9839 -74688 -53606 36853 
72243 -85409 32291 27393 
74465 -33715 27138 -76194 
-68653 62586 11448 -74027 
41727 -90443 80088 -20172 
93054 -21649 22935 -32591 
12065 51236 98623 70067 
41376 68772 -46572 -40148 
50776 54239 97699 52069 
58 2 78 3
51 3 52 3
28 4 56 4
12 2 21 4
16 4 74 4
6 3 83 3
1 4 47 4
15 1 62 4
15 1 58 2
31 3 57 3
13 2 13 3
68 2 68 4
37 1 70 3
49 2 68 4
54 2 62 3
2 1 79 2
36 1 74 4
46 1 56 3
13 1 48 4
9 1 46 2
26 3 81 4
53 1 81 2
76 3 81 4
77 4 82 4
43 1 61 2
25 1 80 3
20 2 27 3
7 2 61 4
37 1 76 2
67 1 79 2
40 1 64 3
50 3 57 3
46 2 66 2
37 2 50 2
12 4 68 4
55 3 56 4
79 3 83 3
79 2 82 4
47 1 64 2
45 3 71 4
13 4 16 4
80 1 82 3
2 1 76 1
38 2 67 3
36 3 76 3
69 3 69 4
75 3 78 4
19 4 70 4
52 3 77 4
39 2 62 3
26 4 37 4
25 4 68 4
4 2 11 4
36 4 80 4
74 2 76 4
53 3 75 3
49 1 65 2
74 4 83 4
64 1 67 2
20 3 55 3
37 3 53 3
13 2 66 2
77 3 79 4
29 2 59 4
29 4 38 4
43 4 81 4
81 3 83 3
29 3 56 3
41 4 43 4
6 1 77 1
40 4 53 4
79 2 80 4
83 1 83 4
25 3 75 3
28 3 66 3
77 2 82 2
9 1 50 3
49 3 73 3
27 2 68 4
5 2 20 3
68 4 78 4
41 2 61 3
11 3 62 3
