51 23 93
-2733 -92317 -63709 89939 64925 55208 96246 273 -69856 48479 69050 -45943 96107 97240 -33934 60036 36555 -37142 90883 10911 78691 51752 -87261 
-6457 43603 19146 16301 5878 16235 82914 32908 80159 78196 71342 34920 68415 83257 -58806 45749 85066 -23255 50557 48134 47439 44904 -98959 
58448 66563 92408 64401 -48852 40095 -1447 5906 15019 68108 19757 65606 -54808 70276 3371 -13015 87291 45277 72994 -93252 70170 -71016 45426 
32237 -15662 -65571 -57218 56490 66276 99953 80214 74355 48931 48558 80384 34716 -56075 28524 56398 45172 79267 2537 79764 -40349 -77264 66379 
-68975 72269 -26092 -15311 32801 61208 29629 -8410 -81161 45266 28887 34086 -92711 -19423 -31300 74649 33527 45867 48744 12653 73779 -21385 -93144 
-85857 76566 -22208 53971 79905 31557 65592 66932 76904 41667 85602 34062 83474 85465 89287 552 24393 -2518 89097 14803 55806 -4053 54387 
-80929 96805 -69534 97866 14695 -72700 72529 22793 94018 88294 72198 42371 79976 44903 86354 53015 37134 -11610 -10628 29421 -20517 -88217 -67666 
10992 90155 -76014 -14288 37861 -56088 47601 93887 40567 48621 -67719 61010 -54951 85185 25523 -69571 -72975 61839 56019 12893 -93924 57024 -59461 
99153 -88872 37205 46263 -41826 -73723 -79828 87995 33485 20985 2220 -86100 66348 59522 82811 53508 36046 33450 -39652 -76616 80641 31152 82848 
40644 -35173 -35643 82700 -9158 12767 47646 -86254 76625 91641 778 4079 2146 22447 65503 20128 -24652 -26819 51087 -52030 28155 36669 -66506 
89596 80105 86319 64606 -53028 -42860 -11581 21871 -47501 -96464 64375 21181 39646 52639 41596 -96090 38084 92249 -45632 46253 83342 -11932 86193 
-2298 66962 49252 37869 -67779 -67803 61874 -47972 76321 6658 12070 -64049 -74479 34896 29807 49773 57558 -88974 -99660 26137 -70725 -92187 -14806 
97414 25984 67896 -73927 61724 -83982 92622 -84898 10495 70925 -82951 47580 -40516 -87189 11101 39583 -36887 5543 -59379 82132 83293 74419 -82993 
22048 3529 -2208 79535 65113 -80274 19951 83700 -46604 25300 -90914 17088 -8974 64246 79997 47018 -42218 42267 -86767 79285 9542 -62531 -82048 
43606 -6564 42930 85289 -94483 -39570 49778 63576 -92508 -89510 49708 64313 -19839 66087 39180 -24124 76427 74691 5323 -37541 -83851 -87599 17264 
-45299 5782 -53076 50003 71793 -11758 65623 62213 -42784 16284 67576 13733 47541 -28890 74893 -35155 -90502 47868 -67054 91362 54869 92440 -68992 
67159 81394 -2828 48879 -50054 -58593 -70480 34121 -80810 36120 -53130 46422 28981 42326 6994 -99207 91791 12186 98296 63664 75486 79635 -3184 
75891 70775 26654 57201 75891 4009 -73045 32021 -89996 52622 -79454 -75105 -29877 -41117 -44978 43642 12100 89089 -29485 -15282 -34530 -28771 29934 
60337 -80887 27792 59065 47601 95755 85575 -97120 71422 86300 41930 -97446 98581 -9450 28090 58091 26722 27476 66306 -88295 38145 82254 -17780 
-87593 44034 10600 89547 -57528 92207 97420 40309 93131 -68053 36798 62100 35343 -15977 61457 46374 4471 81153 -16377 18139 69016 77469 61834 
60160 82231 54188 13801 44011 -48019 87030 86875 -37589 -26385 53186 -17019 -25558 15360 -29769 67453 -35471 66052 -63341 91888 52051 25347 -46175 
38524 10049 -27878 -70380 -99810 49998 94199 24422 60310 59375 83753 -57461 13471 -34613 30498 77647 -79851 -89742 6324 35086 81374 88649 6506 
47625 43207 -93793 39156 -13372 58981 83118 -25957 73302 -3144 62064 5375 63645 88930 33567 576 12887 66616 90043 25060 38007 -12889 -18405 
19224 -58307 26279 40346 62536 17294 83371 90351 -3726 38662 75216 -85035 53318 -33352 60218 83057 36762 33925 39930 -12592 58189 14796 50830 
53026 52514 -93608 3331 -54446 -82719 22430 -46746 11963 94681 48705 -82458 10335 21811 -84488 38811 15342 96826 41874 4872 15784 43351 67182 
-93496 40190 75353 92944 35045 40309 29290 58941 61762 77660 56803 71583 91809 -42087 -63067 -92490 40345 57731 27651 60052 37043 42388 -28717 
40561 80416 55002 21989 -84314 408 15643 36777 79749 59304 97038 95979 -42783 85577 -22791 -6826 -60032 -51108 -65250 40215 50734 58436 77124 
-40480 91873 -13021 -31447 47724 52241 85241 584 94409 95071 87640 78627 -90669 -71189 43405 98140 -41920 19210 91212 90448 -25022 48677 54360 
7126 83701 40935 80967 39215 36063 11602 69355 24209 -28383 39880 36248 39610 -18655 91708 86722 94982 62574 20527 32589 46975 72348 11215 
28386 -51250 44374 7791 93171 33832 16313 24547 57543 60388 92613 64354 9119 15440 -68933 -37880 -35494 59822 22574 -40277 -95187 -71380 49229 
26703 26344 60072 27514 76283 -87920 19495 -99238 93197 93655 -3792 -39457 33826 43477 -73153 65817 31616 26344 -96275 52924 95548 -66553 88556 
81770 12546 -28526 87532 33123 17759 61206 85973 49961 81581 13325 6115 53283 63191 25602 46069 -3238 -51113 33696 25954 -35298 88894 89501 
6312 75043 29245 24709 49658 -41658 -90794 30557 -18941 37185 -84659 95244 -53565 86270 -21821 95238 -82130 55341 -63716 22580 80890 71465 17651 
71863 75844 71549 51692 -36065 55853 15497 79288 5215 -76199 46750 62134 -36952 -74170 24381 3090 21566 84795 8089 28637 24126 81575 38459 
-71629 35855 78420 43653 83295 -78781 1522 90864 -92193 -45455 58365 -64138 74941 82703 77932 161 24073 10758 22287 13418 36205 -24737 15678 
-45550 84664 89555 59921 60120 23406 76458 20730 -9796 75928 81818 -79061 75891 25418 5947 -39212 98165 19819 -45764 34237 77148 5715 -71891 
-60937 -4690 69120 33311 20489 -9368 -79155 -44805 -65405 85342 -41497 71783 29453 79190 98400 84840 86054 61795 1607 -84237 2724 57142 -20654 
-68314 27466 60293 52974 -88819 -95942 -40170 -71177 60010 92756 11668 51052 -66036 82640 -19892 44897 -62793 50700 86955 -16566 95933 -17834 -12878 
35383 69200 -29650 31409 17032 29875 1165 29416 2704 77914 6247 -99225 -36285 77816 -76936 15599 -59676 67175 89941 3463 -9753 36596 38280 
-34952 66903 26662 60868 41525 65285 -59919 60878 42885 -87135 -44633 82215 65097 38325 -75252 13081 85577 -96120 66180 61349 -63484 -71176 83199 
82443 63325 20608 -42349 -89801 65540 80669 58477 40955 -5945 17219 -5368 55372 -38041 -79960 38512 44707 27184 98627 27138 38032 75905 70532 
-68171 5515 -20464 -49453 -75646 27624 -1465 59613 57451 53443 95368 59968 63672 63336 81355 98341 36183 3082 6022 17862 49194 37960 -87296 
63766 99626 -56480 61064 -44115 73318 64472 -43835 88758 82115 43376 59659 27064 -30377 -74270 48050 -95810 -6851 -97352 39882 -17543 84762 87446 
94762 22696 17694 -3077 42481 84649 79208 61819 63136 87262 71735 14004 -44128 93224 28567 20009 44194 30453 4653 34014 -70498 17349 -33042 
59656 18377 -80989 -41956 -20445 72678 -240 -84552 32169 47493 46334 -77989 41554 84699 39220 4130 -48286 -74349 54667 -70422 -78811 22917 -90931 
68608 98445 87199 84563 51282 59912 78316 -2334 43844 46737 18948 48095 53319 -43717 78028 31120 35293 -86797 67492 51032 94119 18796 50391 
45402 96567 79969 50156 36689 22895 16243 -38761 98290 30463 -25391 -92936 -67976 96129 80521 12203 19743 83854 77021 -39451 69777 38458 25259 
84288 -73348 49877 57131 -21832 -1358 -46359 343 80558 32283 44837 27611 68403 55954 -81405 -3406 -85082 94994 -78359 51856 -54224 68298 31292 
-19874 74219 68592 -68886 96552 98724 -31429 15042 99962 -49548 -6434 -28426 73857 -49709 67933 87247 89427 -89348 -74135 51097 19585 3453 -71701 
30414 -49804 72470 30975 37004 54893 8477 81716 30856 41786 94104 97573 34870 24210 11159 -61800 -58532 30202 88608 -82226 -95239 18850 52691 
85566 54753 47260 27728 83382 71086 25168 44950 3306 -65120 45165 51718 37051 -62365 29933 21180 51110 51312 74597 68802 70351 -84832 51831 
32 4 34 16
23 22 39 22
25 7 33 22
39 10 40 19
44 4 51 4
39 1 41 22
45 1 51 6
5 21 18 22
10 6 25 22
9 12 38 22
23 19 28 19
41 3 41 15
24 23 29 23
5 19 20 22
17 17 37 20
30 20 47 22
44 21 49 23
43 19 45 19
5 16 51 20
10 19 19 19
32 23 35 23
47 11 51 18
45 7 48 14
27 22 32 22
38 12 50 22
1 6 29 12
49 7 51 21
48 10 50 10
27 22 43 22
21 14 42 21
33 16 33 21
42 20 49 23
15 7 25 22
28 20 35 20
33 15 35 20
16 23 38 23
14 9 38 23
46 14 50 23
48 14 48 19
32 3 32 11
16 21 45 21
17 12 44 16
47 14 50 17
29 14 40 20
35 1 35 14
31 23 33 23
23 21 32 22
10 15 46 20
39 9 41 16
29 12 49 13
20 15 25 19
30 6 41 16
18 21 46 23
37 2 38 19
46 1 49 4
6 14 50 14
38 15 43 16
7 19 33 19
41 11 42 20
32 14 41 21
43 16 46 19
24 4 33 16
34 6 41 13
49 6 50 7
2 1 25 15
46 10 50 10
7 15 38 22
11 18 17 20
41 7 51 23
16 1 35 6
10 1 15 20
29 12 36 13
6 7 45 12
25 22 26 23
28 17 28 23
39 12 39 15
45 21 50 22
9 3 48 21
51 2 51 2
36 17 44 22
40 11 47 12
4 18 41 22
11 13 11 18
30 8 33 22
29 3 43 19
17 13 50 19
28 15 48 22
31 19 35 23
44 15 45 20
40 8 48 19
13 13 51 23
40 20 43 22
23 13 34 23
