771 519
706144 638707 443990 270697 678065 968305 281699 880070 808682 605552 895410 342685 759832 289972 673201 480089 442270 448890 208982 340106 580484 795948 805074 827423 371046 979773 680730 594398 275224 269635 127310 122238 148154 356949 525904 772450 991236 707182 515346 752828 360036 619697 910529 481741 579764 746779 709701 222777 121156 494150 307543 311023 268643 527902 126564 683216 227064 593045 490307 270225 715416 754959 383384 725790 732834 912091 461400 335716 170626 969988 320514 240199 712015 175256 943018 289519 735276 587348 562607 104938 958305 992586 537453 900654 606355 613661 925702 903169 541824 841065 242601 609973 633994 232129 356369 980225 476968 362207 397286 868350 923582 470809 281384 344332 643092 608135 814481 199797 231107 417957 435007 876280 265110 825855 926984 137361 261124 376218 945500 594496 985783 786328 567758 712427 367797 732548 871589 903122 359919 495053 223915 959428 470177 771098 869073 989569 973967 442191 334683 777248 387605 473915 736456 713478 407602 503522 481640 695773 992413 374910 614641 542918 618393 169283 389784 496524 460998 921642 293936 337765 873918 192428 996202 659984 591165 615613 525511 593383 117796 541628 478209 330413 891674 701966 864646 982697 924733 790824 733279 604099 345889 626207 317956 376602 448614 416483 745725 966856 393106 196536 713732 912771 656560 642001 990787 416938 392270 730236 925647 949242 511164 569109 758234 639694 189080 264340 302035 434617 956175 261886 193023 936240 169534 138779 158671 814775 886387 765592 802241 458106 384250 707059 467173 220899 153248 336899 286641 250346 144148 968622 930830 108097 562081 851304 892572 653622 343171 992698 133471 235254 776338 685360 981648 796328 925469 553235 994560 635656 673081 887268 987858 317324 577879 244028 572284 474000 359410 193569 243808 597564 370542 812830 100122 631023 749427 153020 702941 173682 610629 885104 501253 632116 440385 512899 108614 664588 714594 868557 441272 632541 669877 679667 661626 144662 410014 318610 616475 704063 452308 704901 846406 855746 113909 241712 481335 237216 300367 832795 764699 274491 244751 241205 377181 957138 475469 764406 924098 494088 984037 851651 910086 212557 136286 419141 240979 683618 549852 356035 992194 105690 234278 942476 813805 408556 395712 217253 493324 242002 167140 193352 894463 354872 320764 494243 955116 595787 945354 167965 145027 929628 321228 333557 839661 990446 368553 990025 353582 665944 136257 763976 803968 258094 528684 463064 814471 586407 641009 669323 722040 670222 182168 342376 815773 656609 786629 883056 975947 498644 429435 406090 629935 947260 102177 199939 369080 259920 634240 503256 306098 301760 530034 531744 557373 505049 478907 459072 232667 640680 602314 307342 233618 759738 673630 632806 587731 401035 586737 990896 235029 202749 473903 250668 510891 707930 399849 264314 506519 648139 635107 369557 510117 464610 761612 924292 598553 124107 848911 861213 532736 568499 746452 516754 476374 208887 711119 931767 207519 816446 103016 508758 561214 610738 747892 889523 604609 876291 213579 482880 498882 311723 667608 163890 942159 466427 424685 451850 548092 116509 843188 613892 830664 374694 964181 924252 720656 552422 115192 453090 699737 890729 807171 739179 135846 141789 775203 213342 361489 825314 622331 725118 650595 453159 803627 385070 487524 305435 862702 336298 468209 795549 715268 588306 369531 370135 758934 411931 377144 941838 219814 276401 570493 244612 261985 333458 937403 823818 528987 820077 446400 294826 450342 949311 819860 621082 869793 815960 387417 167799 135194 902295 720396 929359 939560 610629 502799 198221 385607 950302 886858 145680 778303 338843 100437 358805 589453 409146 153088 545617 901745 699196 473875 421688 169598 796598 430319 911745 250333 604656 772715 993991 128907 149241 339735 864137 134110 416754 320405 133682 393964 968878 532499 951299 477804 204513 464372 432475 103986 292887 997464 919782 331324 717013 544096 296510 818950 754483 868028 747395 379086 820389 191935 293720 222418 258998 201498 513728 237607 803130 205938 974964 786682 851018 602293 562851 252425 550908 548209 494636 558144 319620 667713 277282 677251 928598 808491 868187 452490 777338 520904 517044 866440 326879 532654 629867 481415 927605 848696 798436 368386 591002 885396 397588 505305 870814 686332 500625 667065 279759 934486 897488 714866 905628 203671 836279 743469 439023 336378 882236 380306 447442 306245 769195 698993 788299 122865 477086 950455 686627 437132 606533 788700 282194 469205 297249 279462 605235 221108 559928 468684 976093 723409 925572 886720 426013 236163 723036 523179 815753 766281 362239 121386 510738 323146 653541 944502 169288 215570 743901 672314 830891 867443 918716 241416 298683 282979 912693 335031 720847 704977 255849 920362 743235 292444 249426 758401 712493 129001 502894 837243 537930 707993 858482 842627 610848 264604 674337 292334 435346 696286 705354 509710 308544 556140 947447 720748 232732 481380 361820 841325 722480 267761 223549 528414 188097 873347 562503 210344 969091 802926 849693 464213 329847 211319 276891 892271 615903 808273 110062 654871 136517 839186 295885 592268 902803 246665 206913 672454 649508 633439 457916 720474 594492 260167 204487 664296 411661 247195 760783 274692 995892 447665 804211 948204 312340 906740 419995 798757 814051 341705 524101 888144 168116 332366 778545 768284 292348 944947 953510 989609 659392 480608 
194 257
403 691
666 687
567 614
117 170
743 744
675 683
752 758
173 206
27 353
215 697
749 767
199 653
359 693
31 505
504 565
742 755
133 445
605 763
174 314
550 582
305 589
24 276
475 601
448 662
44 135
128 701
90 678
101 138
381 725
235 445
681 691
624 672
149 380
411 596
204 588
148 537
526 581
477 647
480 664
387 634
69 611
97 221
28 750
404 650
163 313
553 763
153 618
588 612
496 753
282 341
159 763
196 562
141 710
536 708
442 659
596 731
542 632
728 751
659 708
615 669
738 749
729 747
278 500
258 437
763 768
634 710
450 597
75 502
577 700
252 724
72 687
278 537
653 761
456 728
509 668
494 684
169 274
484 602
587 614
104 245
577 671
439 462
557 734
488 500
454 611
558 666
410 544
532 571
150 650
193 276
387 412
710 719
527 621
629 680
308 722
211 605
169 225
104 754
148 301
398 761
196 519
138 462
756 765
423 486
61 568
251 455
458 673
66 81
436 718
456 705
309 391
291 553
639 666
693 751
203 525
600 640
24 631
65 585
297 536
541 687
505 654
376 535
300 532
435 609
354 546
629 727
598 761
205 385
572 658
482 672
85 366
275 683
639 757
558 707
42 155
176 431
662 704
586 681
305 742
615 658
744 760
720 750
210 436
569 761
34 364
511 593
599 765
548 722
644 718
420 475
4 51
131 503
704 750
56 472
267 516
226 388
564 628
239 255
104 519
96 533
740 768
449 506
729 767
363 626
692 729
322 598
595 599
384 560
174 702
514 763
697 715
577 681
617 748
494 702
691 761
549 553
57 418
752 765
531 557
733 755
291 435
541 607
111 758
679 754
117 239
621 728
324 750
84 407
491 595
382 581
9 56
177 741
2 390
24 73
635 720
223 426
539 770
196 259
634 639
126 769
499 704
260 360
675 707
371 579
211 753
668 700
236 411
176 505
20 442
571 699
688 720
164 738
81 608
664 695
208 399
32 665
376 670
736 736
651 710
39 610
3 431
752 755
512 654
750 759
189 428
226 586
148 502
652 694
389 617
49 132
427 750
726 764
381 431
668 766
207 501
230 280
623 671
251 291
502 696
519 527
87 327
299 600
655 712
84 659
749 749
458 656
117 415
488 581
653 683
595 761
18 338
524 694
38 410
664 681
230 447
359 401
553 557
36 258
675 732
622 637
138 614
58 769
626 698
301 458
211 462
537 589
294 688
60 247
269 477
446 702
690 756
84 433
659 711
632 651
69 556
533 729
30 496
167 759
222 616
672 743
247 702
298 709
287 448
175 365
239 456
484 764
767 770
725 743
425 463
725 743
488 611
650 713
91 302
241 241
353 501
274 712
517 628
234 503
664 761
605 717
158 696
157 293
494 745
649 731
557 574
697 697
523 637
210 757
422 679
305 561
376 509
250 318
549 678
336 677
328 695
621 650
698 745
191 242
402 684
190 462
767 768
435 697
185 615
458 527
488 620
181 429
296 439
669 738
408 727
359 421
71 356
744 757
279 365
703 769
545 570
296 731
58 383
40 389
351 669
769 770
8 38
601 665
132 247
727 729
579 701
165 491
41 567
628 667
75 209
354 575
271 402
710 766
344 669
764 765
529 732
665 710
190 714
545 761
634 745
690 742
542 597
506 516
155 257
217 465
455 489
743 766
82 701
363 557
677 704
66 770
75 419
626 681
475 508
201 521
550 709
451 639
546 610
657 708
578 720
101 238
279 551
104 519
449 699
344 462
606 709
583 667
448 469
663 709
550 605
759 770
467 672
502 506
177 407
232 751
498 543
624 638
265 634
181 646
510 712
760 767
714 723
118 587
370 574
555 758
137 639
456 612
283 643
339 688
247 257
750 764
110 655
674 724
98 719
539 656
764 768
458 524
180 404
480 723
361 607
53 633
17 166
712 723
70 171
386 404
376 484
728 759
753 754
314 648
607 663
374 677
62 574
165 405
625 634
210 530
120 333
739 752
717 725
347 674
343 598
58 177
686 761
353 687
107 750
19 154
500 622
528 741
135 414
411 495
193 208
572 623
123 664
726 767
688 754
410 683
182 620
384 511
405 703
466 645
608 763
77 149
758 767
611 716
662 685
148 732
758 766
393 536
22 650
313 642
464 567
125 206
68 505
449 699
53 757
662 681
197 573
712 731
431 609
719 736
671 706
758 770
59 283
106 588
274 623
213 476
315 551
167 496
408 436
748 756
518 750
351 695
128 577
333 619
377 624
681 743
192 340
20 99
65 469
16 758
172 347
356 580
100 752
73 482
34 489
370 539
585 595
443 523
766 769
120 604
249 680
66 535
618 694
69 589
257 690
16 41
47 287
152 620
128 640
264 630
