688 977
789439 647093 836633 347058 181660 679192 579806 538048 894457 388804 707671 781316 706783 818275 529898 222851 855694 571187 580320 985944 837834 609535 846417 581303 366368 219280 795214 640367 120743 856995 872458 710109 346164 570747 845819 251345 153073 901400 241835 616763 465645 745424 434910 560440 732941 731392 932060 395257 702004 885326 533306 379116 524998 727599 442401 615083 570325 353639 370622 682387 246098 582851 651908 743682 807952 141839 160464 758783 829742 880179 658795 251891 504487 189298 132658 793260 815546 600302 326174 482645 490755 782434 130972 768389 904256 107399 914191 690060 141248 336650 177881 365072 332742 962966 605445 976724 889034 665922 297164 152877 196118 791318 586624 228438 508497 579435 894722 717197 244180 418116 637704 796369 138457 454343 385419 194600 408820 690122 825163 883215 826401 676331 175847 730778 101120 333502 731811 971006 913750 597954 111259 286742 600768 757000 728632 365295 152249 618907 958779 273552 252670 432705 516932 566000 960079 466550 416220 420595 904079 730328 581979 210753 945477 632388 799969 633249 932017 419835 328636 320550 940881 435462 776108 320809 559649 541192 197503 867106 970565 585229 119083 459742 334097 127051 183765 848896 238615 229372 278523 288162 558118 539862 964905 387943 519557 343144 222208 592594 957827 908752 792751 473232 850362 968766 480451 913343 906381 540548 452706 474065 148337 298174 239454 489029 138927 612426 469449 816366 184818 949722 103105 309156 293967 333755 663210 910630 869584 492355 476500 304057 783753 535649 839228 930827 953641 757301 402828 339040 357082 830884 569216 389870 992521 247288 739202 742666 358756 335832 280426 594579 862724 665139 477607 252295 376637 106005 405645 288540 341947 983378 597186 532443 699146 516757 755671 357392 483345 930192 151108 226738 646742 921513 224698 698419 384460 694794 163135 974583 248968 225463 725209 878482 615218 818233 393222 305702 896748 984366 209562 300360 376146 240418 263308 988393 100755 298687 670852 793770 857916 840346 471914 115035 521973 466220 623255 699463 165778 892346 623418 965485 958748 782782 155332 277041 635237 907356 979245 367730 822879 170757 701589 117513 766917 264855 849731 318880 741515 299106 385161 317660 235198 389919 445146 997216 194113 994868 300400 636850 222937 460416 683560 622793 839623 319093 853344 216745 176385 500496 190586 232159 543093 975898 407873 301783 769496 696807 412974 614605 864159 610093 832537 679704 650365 814273 179423 581363 796627 807996 408991 892196 217419 356061 648022 785306 220470 801007 531797 295946 257665 609239 141899 703331 826653 507653 335117 344933 176860 549207 346513 194278 706514 575348 770214 536613 976236 172383 590628 770318 692482 530501 223135 298624 838429 506742 509404 427584 606390 658746 947346 308450 348150 479147 184976 736569 557797 786365 516123 772841 412835 439923 522069 903296 854937 600267 879853 660896 281950 149278 657605 210171 209976 565685 517682 281340 869502 709086 411020 182039 191822 832775 387836 502102 833908 422702 753038 696608 841673 341381 172499 207469 153948 638182 966925 228594 750894 366627 629506 965189 623800 700732 520288 399829 540994 628777 352723 918935 504569 935985 138546 238298 899504 450599 854611 106490 701527 243283 215722 298786 157805 239799 488307 602127 861420 775110 356832 329974 654069 870575 641517 740369 415471 138231 167596 645051 955632 778929 962554 654216 966709 158566 704319 292123 282682 976234 502026 576099 782422 424781 299930 933722 762548 542226 612437 364789 269387 812747 359605 323534 359023 466515 529717 999822 200642 143330 116186 446227 519677 959822 100076 801319 873044 105834 181190 892867 580658 911204 945149 938176 539328 745077 315812 701703 269794 588307 181704 812489 883235 800040 199984 931611 422021 687947 617199 523187 906822 441894 223938 985533 720526 461000 510346 790984 932510 989020 843355 452434 584884 318649 785157 955644 824907 329074 758708 632572 388560 196310 457409 393318 114408 207413 906034 848451 583680 819704 493680 709401 353320 679535 810213 377761 813938 599321 354355 207388 861739 886128 450793 768211 794126 899455 605387 665767 576967 705126 813282 450865 160312 158478 820032 241317 645149 161486 103628 855871 279167 328898 990584 834989 282097 446667 452014 941773 952299 502770 491064 626322 710945 482355 580172 132753 336453 263387 101383 772856 365454 649618 548258 328491 590735 901357 693555 351856 231715 376762 744772 597337 321742 200059 946096 386302 654613 271269 859770 100047 844663 660825 859592 998996 715580 427480 949461 207137 806089 478024 321078 580455 441749 176421 171047 209700 557427 512738 688212 437833 286597 313019 254571 932722 709825 527154 428824 303426 869128 595181 532077 308462 982464 377236 249757 907439 190110 855042 252514 904032 880796 250378 188282 505953 
25 142
466 586
192 492
98 202
128 326
575 637
300 637
534 552
303 316
193 391
243 532
320 655
345 470
213 610
596 611
338 455
333 447
37 425
411 629
271 595
117 313
585 586
658 678
434 441
498 631
397 422
301 520
337 629
662 667
15 643
605 685
344 578
334 379
207 367
628 639
464 525
602 609
154 272
425 629
275 478
494 636
445 445
127 534
241 412
62 670
535 686
486 635
386 543
384 521
153 548
155 445
610 683
405 519
428 512
300 586
380 575
684 685
61 611
106 281
511 533
594 629
684 685
291 333
276 484
290 397
60 381
578 637
654 684
319 600
517 560
194 488
465 495
97 223
537 543
467 551
596 655
6 556
306 477
154 382
576 578
676 687
292 521
616 621
258 593
324 329
22 378
340 481
540 568
22 168
204 367
659 683
489 671
563 678
143 320
23 144
25 239
383 386
335 635
160 459
208 629
671 682
394 469
88 374
433 528
653 657
594 643
23 385
679 687
242 670
288 467
17 224
74 449
72 144
584 642
409 622
351 406
55 678
221 255
272 310
454 643
43 280
357 408
183 505
197 479
311 647
26 541
512 612
274 556
122 535
142 609
668 681
648 680
668 686
12 200
130 672
396 440
66 517
72 443
623 626
14 205
428 662
337 457
667 667
631 685
503 683
649 651
366 419
282 573
244 375
510 572
161 673
618 679
140 320
383 452
210 400
432 441
535 633
400 426
87 417
342 427
228 637
351 626
436 565
675 683
221 293
457 591
626 654
322 537
685 686
349 370
544 623
279 648
173 458
5 371
591 646
414 491
510 659
435 478
131 654
110 526
112 555
478 488
254 392
360 499
197 230
170 401
269 466
28 225
179 197
438 468
124 423
482 521
366 506
401 522
375 437
73 609
496 651
14 434
433 606
337 416
211 325
255 674
148 276
249 440
283 593
121 149
506 673
122 282
274 353
543 601
81 452
446 509
310 342
610 617
520 647
138 282
147 304
668 668
620 637
628 655
17 445
640 674
67 397
483 505
116 449
613 642
149 386
86 130
500 541
216 479
317 659
209 580
538 671
15 233
467 648
82 347
634 653
299 554
577 606
369 535
424 684
388 671
639 683
335 432
315 539
179 675
574 586
217 355
629 659
472 507
78 363
582 600
108 417
637 661
12 438
271 355
222 429
676 678
232 281
123 168
665 677
384 483
285 330
314 597
251 331
75 557
119 584
640 653
64 660
146 322
675 687
515 630
77 631
14 308
3 8
307 517
71 465
662 681
416 603
249 635
140 292
173 182
457 505
286 611
112 397
124 419
25 606
131 265
348 474
616 669
672 672
95 107
369 418
121 454
188 195
540 634
433 481
613 618
139 389
379 532
490 555
8 617
409 547
368 401
11 564
13 160
71 536
338 584
190 558
47 73
341 541
515 540
301 453
232 305
626 674
420 586
527 635
373 665
631 674
317 540
16 427
498 565
479 608
243 373
253 585
44 363
259 623
198 495
495 558
201 633
342 403
320 571
60 335
639 642
568 619
235 250
652 660
468 636
417 484
520 550
138 577
566 664
355 450
487 681
19 315
191 204
264 392
47 684
679 680
372 372
514 521
616 653
38 531
3 685
267 521
292 480
388 637
69 374
152 300
552 569
501 673
204 383
58 310
308 551
125 473
112 143
293 615
1 460
175 570
513 583
322 495
340 437
51 364
119 249
183 257
305 565
126 530
439 661
231 411
168 205
219 438
325 556
345 354
445 668
50 448
488 510
411 538
203 401
383 384
135 350
360 453
150 336
189 296
392 491
408 598
615 653
365 411
84 340
450 685
403 500
373 550
277 334
5 452
124 462
84 187
420 655
393 683
453 672
501 658
592 645
29 469
153 235
43 240
410 604
277 431
663 686
53 219
7 648
588 636
368 605
149 677
372 412
360 616
179 220
118 513
410 630
668 686
442 482
387 574
633 672
616 651
338 358
28 338
191 235
94 637
307 360
302 501
443 480
515 657
153 256
254 331
428 599
413 537
318 332
198 597
563 667
403 673
57 624
660 685
632 641
67 439
255 379
204 577
61 278
52 562
238 433
277 390
160 170
9 367
328 521
412 664
504 603
494 508
103 164
333 477
644 645
118 553
127 191
485 509
229 246
645 657
561 660
32 125
644 655
219 525
645 654
101 261
204 215
252 293
327 575
270 437
360 379
555 565
202 304
567 667
43 434
99 432
375 375
628 679
273 491
663 671
367 503
443 585
564 650
3 39
246 437
394 609
541 551
258 433
623 673
214 677
674 676
400 479
349 457
347 630
512 543
276 551
526 570
307 437
7 323
287 427
562 564
539 600
393 399
568 590
665 673
557 576
145 683
522 624
657 687
609 627
390 573
660 683
299 348
177 579
279 609
175 501
163 559
390 682
554 592
523 541
100 244
389 480
379 455
96 448
439 608
110 510
615 643
212 478
73 269
85 563
191 471
592 608
624 668
314 461
306 659
612 644
183 553
563 586
294 590
367 551
27 162
83 224
267 508
578 648
556 609
652 671
427 515
8 646
415 447
357 362
218 277
340 605
621 673
129 292
359 557
134 501
288 298
57 170
341 605
152 161
315 666
364 436
537 587
475 530
158 168
336 499
351 576
369 513
477 500
69 326
236 428
27 59
61 83
117 133
586 630
78 601
380 491
594 664
439 676
627 650
683 686
522 588
575 581
175 500
457 542
550 628
393 548
139 526
580 599
431 663
77 598
253 607
564 662
551 656
404 495
86 483
684 686
159 600
64 389
642 663
497 670
500 637
562 610
677 683
550 685
600 642
584 686
675 687
49 61
564 683
114 173
100 676
458 526
588 636
370 598
624 638
343 586
75 634
554 662
534 600
263 648
87 231
135 509
214 481
476 599
564 681
391 607
84 489
322 487
294 612
446 477
306 439
7 576
431 684
116 213
334 444
366 418
563 660
403 534
367 457
191 641
147 497
607 611
367 463
389 601
141 466
522 636
578 652
209 385
42 192
463 496
221 383
518 666
393 670
580 658
304 575
497 644
135 228
41 270
293 606
83 379
421 621
178 306
270 289
281 292
668 672
100 531
291 668
178 622
601 667
374 508
165 442
420 659
76 587
469 673
14 308
46 389
315 485
399 633
361 362
135 404
358 580
141 615
362 558
448 484
283 356
121 519
635 674
42 627
508 594
96 327
601 640
395 484
513 599
433 624
393 424
650 653
511 594
541 659
95 680
114 278
375 576
249 271
55 171
573 587
614 614
302 615
13 311
568 654
611 614
543 666
23 256
120 678
85 610
337 679
411 463
430 614
244 660
104 330
3 40
606 642
233 501
413 495
400 500
471 572
96 341
411 601
231 493
172 463
574 631
520 538
24 39
484 543
39 439
37 412
215 240
95 543
140 670
539 657
186 555
630 663
322 355
580 624
446 594
97 267
60 231
204 383
644 665
683 683
454 611
112 549
306 442
65 363
156 428
346 637
153 569
55 137
338 470
488 589
232 677
126 497
652 654
136 571
572 572
567 637
357 644
27 383
97 670
294 351
182 465
373 535
40 78
459 666
275 595
450 475
200 282
179 459
616 657
120 499
233 670
15 98
312 559
659 677
239 465
200 494
521 684
254 484
426 529
126 550
136 179
145 606
677 685
12 133
621 644
143 680
597 649
241 580
639 659
428 483
145 251
3 621
511 517
271 584
61 122
532 652
422 560
488 620
217 624
164 512
138 396
188 346
448 557
249 405
359 531
104 197
280 420
614 677
156 581
36 327
530 530
56 277
465 553
225 301
621 625
316 478
239 562
634 680
121 461
140 346
439 556
241 267
444 649
541 605
111 130
307 645
470 519
124 335
149 506
134 152
651 668
291 590
39 389
99 188
536 560
563 581
94 625
366 679
429 525
438 639
661 687
449 489
506 665
556 585
149 461
550 576
184 322
417 489
244 632
228 293
432 480
522 562
95 645
613 677
409 605
356 635
6 550
16 611
215 434
46 207
129 244
513 616
257 398
411 623
273 605
640 643
281 515
460 561
2 204
530 530
630 653
456 560
496 527
405 552
225 410
84 541
513 527
324 595
238 641
471 586
534 663
627 646
142 254
488 572
649 660
483 649
66 239
160 271
449 537
453 684
37 307
218 276
330 468
492 567
577 588
240 332
158 293
560 685
287 520
631 642
342 653
83 651
493 684
161 549
410 568
319 388
578 632
686 687
330 659
74 444
88 511
83 629
328 519
101 179
83 191
503 580
353 470
361 450
262 472
103 686
405 633
339 629
446 664
203 321
540 653
127 526
610 625
159 509
397 456
28 450
383 519
402 466
409 485
277 325
578 682
64 417
172 420
301 537
311 326
670 677
681 683
292 371
635 653
675 675
652 652
664 671
677 684
434 487
481 594
155 585
203 450
606 611
200 330
209 589
107 164
262 373
245 374
