732 869
313867 979408 322086 879953 640619 698768 826389 256585 543034 926909 321165 679696 819406 649691 907669 718013 454575 203978 314670 269197 130092 134923 601355 274993 567277 916433 895903 945507 473151 170737 969477 886680 165375 243932 502415 329428 125713 305988 829215 768749 424695 921884 861583 471466 434156 892753 952252 783136 814383 121740 805672 322008 110485 271709 363757 799568 649029 104131 989129 724333 554005 756470 388185 314455 581820 525177 382061 185294 273229 390533 570289 553559 545956 755446 564872 635115 343487 676321 912371 740457 101376 844595 444577 962604 689528 133344 220538 712033 305890 379928 916389 644175 615297 935571 134659 470280 755546 232401 520439 244499 690748 814294 131112 899717 922135 896309 445193 639712 220945 874433 687077 700410 493052 476000 970729 318797 806503 818126 324254 561598 944677 885427 837576 208664 110940 328979 923144 794287 532621 351499 135550 197819 605948 415066 320574 706737 737574 291748 268907 393358 757525 242515 519383 672004 235064 869783 220344 541615 425537 828527 874241 359037 159732 277823 939146 187803 181412 468199 193919 901169 641793 786605 540886 636383 168679 318502 717704 352370 316369 843000 689751 254123 140748 240068 934037 903117 392771 289051 664363 196129 947358 355866 403775 659625 788925 832342 733652 879738 609697 815021 295237 560419 422881 557765 733156 135468 483913 258459 170172 779918 521726 946293 602279 548813 704892 870577 356405 844152 423980 107931 601738 460214 241852 811809 196110 642940 614205 643452 765391 167232 620512 325295 743784 554415 138426 303414 504707 224421 359819 262743 732815 305178 769335 344325 965554 344675 995696 222329 274825 755772 787840 255522 271768 643804 455718 509225 844417 569957 977452 327239 338831 506168 387696 346461 783695 624403 120112 875090 464301 716459 492785 975689 198183 222867 960564 426633 350874 227245 595334 226653 687620 389902 531955 661810 649077 402331 299349 297882 119513 486486 423723 895874 381576 938038 100663 575592 172328 511758 319888 477815 106842 251787 657361 479154 410296 516085 952008 368608 688684 135970 855074 440431 486265 288112 992562 597224 388314 434610 512952 885033 356878 533828 134011 904948 516251 594796 170407 419806 363199 968046 323568 148966 707686 657260 573963 561953 474163 934349 657549 508532 918213 553383 539048 219080 111590 369142 279154 636062 281935 164813 453234 462827 935345 483397 918613 620073 224019 946185 520107 561496 186769 269020 821959 499280 929718 874448 804909 330435 491973 661036 865567 812399 463806 318518 852612 675090 593081 436797 468946 839121 407258 260700 713433 211464 343637 874676 972087 472062 741554 494956 892855 994873 138806 366841 473911 351219 395098 924682 995349 578964 882950 663920 469050 284724 287255 696717 607177 567716 852163 341722 493263 775780 813411 458309 518607 807215 535697 651042 115452 360623 947241 568716 337461 423031 289049 541786 545811 375919 389782 566292 437890 744451 686251 161010 486324 453353 379897 222486 456371 568754 146576 508919 449350 993947 583522 528555 167680 299823 222746 800180 732056 109747 921060 567729 982557 412667 687111 551672 951761 405095 692513 734400 451640 466627 625713 347758 390647 580087 327670 883340 130770 288723 706491 430324 176497 179915 471186 533477 596503 882658 850305 388557 361707 834936 873579 323910 864406 762328 830564 521296 665265 907905 508409 399653 962095 967771 947362 837826 125353 888070 569673 714952 802324 252698 237527 174186 456326 573933 138087 786950 536943 951213 118390 341133 494516 140812 164763 785981 691638 505344 581373 414363 954032 359365 561019 639700 269686 437738 666989 283030 197415 286814 205699 979311 892932 526402 315991 377179 765727 279734 376771 167574 842612 827695 118979 754946 272490 176407 684973 894689 545786 843405 757933 384389 561844 210971 676883 268396 560092 601989 598621 433046 818167 877602 240464 885045 552463 430655 276718 916302 753389 298009 134872 434147 561340 599731 180011 208200 808549 668945 994401 184073 472272 995737 231624 700579 827864 151655 162155 833845 700451 509949 307719 416222 498037 895342 391679 999333 969439 433869 863070 748678 644902 846920 873691 918373 380348 695242 736327 813370 450341 345861 665848 951000 759429 989173 870707 435402 304106 194730 499810 152290 350688 211469 114672 154957 239368 297705 474149 843136 909637 693108 743061 448930 726252 471114 587671 338202 437006 779960 817351 511031 600738 246665 145717 239830 264448 125420 719252 911928 668735 815220 139331 640945 966177 798055 418879 297498 420185 290663 116207 465536 392284 133148 332935 582539 817149 408688 731094 249672 528615 909114 190793 487247 388911 787508 851885 314606 430551 757741 128600 958932 557533 555800 948025 324630 411186 176674 484531 866494 815027 218184 359918 745339 317823 730030 969143 448706 221554 226556 528736 782911 732294 651710 951314 727538 264060 401255 557889 843913 792766 756451 295947 891978 790331 265408 839651 327392 150709 705163 820505 629964 855282 572075 178697 458432 622377 927157 920066 919679 733714 511390 860537 121059 395347 322402 581019 682808 258694 811462 295734 895057 
728 730
383 711
200 585
119 360
118 217
85 98
361 400
46 123
75 255
601 665
355 371
661 716
245 666
206 417
341 727
600 711
373 496
581 666
274 300
434 599
120 603
125 196
564 654
180 250
131 147
710 720
506 680
502 513
48 102
251 261
111 545
279 690
637 672
649 724
687 694
173 490
564 665
691 727
66 591
580 713
208 257
258 694
240 291
636 676
158 382
451 650
4 592
429 676
725 728
331 709
728 729
38 582
626 654
47 487
535 624
661 696
169 185
70 144
485 731
478 505
191 628
47 641
627 716
420 611
87 522
609 718
260 720
506 565
623 668
697 724
173 520
427 623
580 626
211 292
11 676
378 607
6 486
512 673
94 602
87 404
121 254
432 570
56 364
309 665
360 647
270 487
33 48
84 722
706 720
156 608
595 695
267 345
59 679
74 421
717 729
533 541
648 711
404 462
70 319
232 337
128 410
362 485
209 485
591 636
682 698
178 418
449 545
585 710
434 536
626 726
315 690
120 681
90 172
482 531
469 666
602 610
8 383
218 538
147 326
533 616
190 373
522 650
279 337
517 727
355 478
456 645
388 399
308 568
664 720
632 728
543 651
61 690
385 423
442 559
682 717
590 696
163 689
66 545
322 526
562 689
41 265
694 720
116 358
25 127
710 723
655 721
562 679
373 592
589 702
234 614
616 638
509 720
328 581
480 649
440 443
726 730
544 699
90 107
319 489
161 429
308 435
165 298
420 538
654 679
640 644
410 414
1 233
289 460
518 518
574 678
416 618
409 552
466 722
147 602
302 334
334 430
443 612
642 680
478 561
409 510
428 662
428 454
600 657
480 576
524 568
181 697
663 725
268 404
724 728
453 551
663 710
656 698
326 637
83 627
426 624
371 417
457 533
625 708
143 658
675 677
611 660
39 534
91 397
25 200
349 569
367 723
266 629
522 553
504 559
518 693
289 347
375 685
335 429
55 354
377 556
252 528
313 664
540 572
52 699
389 672
370 722
666 699
401 648
528 577
341 346
348 728
510 543
24 314
163 330
321 499
585 637
607 720
341 344
494 646
513 583
283 668
562 612
723 725
630 687
416 722
505 689
4 139
90 356
643 703
215 513
307 480
149 356
378 516
426 515
412 440
72 622
107 555
683 696
383 415
498 685
23 205
604 666
448 545
457 718
681 707
252 730
546 682
400 430
160 173
694 729
295 455
210 437
28 183
621 727
567 642
593 707
450 721
438 704
4 656
327 606
576 620
169 634
698 702
61 361
173 505
167 476
58 663
426 522
89 183
449 497
214 220
386 669
1 161
96 208
548 661
535 702
308 688
491 499
385 713
690 692
218 375
578 705
369 584
232 564
545 599
23 510
490 543
471 546
120 508
550 666
602 630
719 720
361 521
454 608
392 667
452 622
200 681
577 647
552 680
284 587
66 155
364 608
659 691
482 590
542 625
73 208
317 498
248 341
686 717
271 308
560 647
317 434
675 719
251 471
11 388
274 404
180 607
655 682
39 293
480 666
323 325
26 236
659 714
250 581
104 204
178 372
186 361
704 731
485 561
491 550
267 638
661 713
176 396
507 676
170 260
710 729
350 559
696 730
348 654
468 521
114 199
336 711
83 413
378 551
200 350
269 687
475 607
523 663
518 540
542 680
422 510
197 418
676 690
109 597
551 687
298 702
237 623
538 726
310 472
17 324
267 286
88 487
281 338
105 221
203 267
695 709
522 663
543 633
605 709
662 665
709 716
584 619
591 615
37 322
664 716
332 652
411 692
673 678
443 555
327 418
329 491
46 93
364 697
410 507
623 657
123 553
649 661
344 571
563 641
82 536
63 405
458 679
629 683
68 565
355 679
320 620
379 696
80 542
59 253
482 548
207 262
635 661
515 606
311 485
675 725
683 724
589 671
162 229
620 649
609 654
379 728
110 670
156 170
723 724
100 237
180 443
391 534
422 466
174 641
71 149
128 159
219 296
566 680
203 672
121 681
434 730
256 552
239 330
404 731
199 419
136 451
440 447
24 411
50 83
259 366
552 618
355 445
580 595
680 685
212 481
405 562
373 381
104 476
236 513
672 680
538 673
202 423
676 676
630 711
49 100
587 652
492 705
457 623
498 715
663 716
668 671
32 82
394 416
41 84
619 730
720 731
24 369
32 512
103 526
171 336
233 536
631 657
544 709
307 673
672 703
54 698
726 727
72 529
259 711
447 710
151 702
257 334
666 718
727 730
388 544
461 500
438 523
451 573
699 703
461 613
189 292
573 727
420 439
611 669
277 649
441 520
150 729
578 681
92 665
26 336
593 622
668 669
443 563
522 523
565 702
186 428
336 420
469 515
13 202
338 506
496 655
22 413
433 689
681 686
619 631
81 245
183 341
273 331
524 694
36 366
719 724
359 704
89 650
94 695
233 709
189 669
130 164
447 577
697 700
249 342
327 334
698 700
431 554
3 655
213 405
173 610
651 664
271 435
626 628
635 678
172 574
114 443
246 467
48 288
288 667
44 498
198 548
681 726
602 704
6 633
94 521
388 591
124 422
270 513
29 429
52 538
361 586
532 657
126 475
281 550
692 702
672 675
587 636
715 720
726 730
682 698
21 340
687 691
29 379
332 409
500 551
402 653
430 468
316 472
551 585
498 590
437 602
664 725
520 543
678 710
592 718
66 634
702 731
654 678
18 348
2 92
403 688
579 602
626 713
22 182
254 494
389 651
409 473
336 707
610 679
156 220
151 198
631 679
380 676
426 690
85 572
98 499
474 683
259 310
549 620
550 676
417 711
337 675
93 306
183 692
458 625
270 504
679 697
87 112
137 172
367 730
381 660
703 709
520 650
705 723
498 513
86 341
463 498
413 621
704 705
19 316
328 649
591 657
456 665
155 628
102 157
15 225
425 542
320 488
579 579
198 466
154 222
593 620
343 587
723 731
544 551
239 686
98 470
229 274
350 535
455 599
248 325
690 700
607 723
509 520
41 135
69 336
473 624
300 488
265 658
645 700
90 569
311 484
675 707
616 690
491 705
386 638
713 717
173 680
341 453
42 182
620 704
703 717
189 503
349 400
449 642
402 643
671 690
255 585
80 281
117 372
190 473
710 726
599 702
285 327
326 578
25 210
428 496
152 566
528 651
495 544
93 291
416 622
3 685
315 566
19 574
156 268
703 730
695 721
284 489
113 165
708 716
209 247
2 693
35 497
464 479
199 525
138 230
701 716
175 357
614 692
607 730
4 83
85 446
526 651
55 184
338 577
402 633
313 444
425 645
528 709
671 717
662 688
542 719
660 683
326 359
247 602
123 624
98 281
333 439
726 726
325 530
506 720
141 639
334 454
617 710
363 539
301 635
287 356
602 711
660 672
103 578
479 709
128 480
493 650
575 700
270 555
609 681
543 699
174 308
701 726
608 714
452 510
242 623
26 97
124 293
535 729
566 667
171 326
184 245
74 577
95 642
341 532
362 730
412 583
234 669
257 652
215 568
399 415
153 409
391 483
335 538
2 693
253 592
700 728
490 700
512 618
356 667
375 563
88 331
631 680
102 595
571 597
308 535
706 730
669 718
314 696
76 151
106 508
630 633
215 587
242 370
247 488
494 495
124 646
568 683
336 599
117 581
167 408
534 657
246 667
57 252
146 453
612 700
485 661
53 329
140 146
608 731
549 550
246 283
463 717
438 445
555 652
308 621
355 417
261 659
463 654
35 658
329 653
419 515
700 715
695 709
543 560
261 623
363 677
480 584
171 351
607 621
231 569
532 696
97 559
465 539
199 217
583 631
581 633
490 502
243 731
296 429
320 511
58 142
515 613
309 591
150 702
697 727
412 630
149 598
378 538
316 730
12 185
392 413
189 670
442 551
646 667
557 574
595 719
410 415
357 673
240 631
393 469
457 578
651 667
289 305
56 503
191 234
