664 606
104917 939346 894078 110781 981659 818980 595246 239796 633200 400748 972093 937475 208016 970908 820532 862333 222787 433496 677700 737255 686366 226630 638580 207993 179828 665144 622715 886677 760350 342244 660797 500005 554311 169910 246911 133860 619385 355238 658283 303936 214073 836434 183396 102899 278468 706484 781537 410367 830323 152195 103868 716858 357061 267019 202816 426023 533839 943245 866286 653851 348311 348533 261716 195940 798636 516908 141442 446458 588759 721374 449879 903416 843402 366453 626871 572419 198721 857926 612516 671892 329085 809770 696108 603238 438052 883317 567181 926233 447022 466958 812541 475867 850041 537393 852724 314757 145546 872573 652499 636247 657782 270493 987051 201997 366117 724450 708796 245160 903316 901802 614411 889676 714228 786635 515134 109873 509750 243492 556307 858741 464405 282841 737133 496438 411471 983341 527353 841419 151948 409043 915801 474033 666614 237353 159483 497887 586795 509445 440522 629529 197346 180869 748564 881335 629407 288431 880031 933557 188449 584426 524011 394619 807457 569878 887353 425702 320034 778187 695444 364067 740682 983454 794099 519790 802372 597555 620398 942072 823422 512947 719903 327234 606854 856952 101565 456039 598327 481606 238119 848490 591985 629809 323512 995363 445943 240681 914163 127459 409168 812172 415356 384729 774137 950834 764864 853817 414392 148967 487070 826212 258334 601854 909697 979744 811190 227063 466524 934160 476085 206252 224189 221914 771414 531682 885055 124559 798272 580188 601378 415501 810066 631961 980216 284240 181358 624532 643704 168046 744774 695823 703090 525977 665998 357471 599425 392682 515414 704346 545733 263772 339867 120886 448728 338327 233081 389734 324622 161332 734003 647290 293902 907467 164447 736101 967832 517454 952845 591684 167861 179619 957368 966423 773140 674423 289464 278413 119691 579918 858789 101189 126188 876343 756841 600140 439439 541780 356508 139645 327516 492089 784614 376580 670380 790421 532993 564907 124854 312090 626133 400429 138690 703918 197838 353724 855206 241837 844132 400948 817420 566650 779494 450282 391983 608663 450062 229468 592129 507669 436046 251198 254741 599448 937444 460100 459774 894592 247039 846193 128638 117091 247935 918444 603583 859228 835431 579001 717807 427468 175052 667051 820596 642352 137914 797618 412578 773767 861217 303523 961358 397072 234009 658772 305045 807355 110810 205439 924594 475765 957917 174515 120175 312105 988539 413283 131179 133367 244950 289001 592929 337199 410551 113636 462396 939908 772182 302968 845363 862079 213912 599377 799692 574048 394267 115488 827733 138129 802735 337824 676545 371862 984776 546225 869330 924161 625398 222388 928563 481963 311845 780309 355926 810212 221401 614151 881971 736450 218862 347491 551948 632511 946452 362054 990031 789040 150869 324618 508702 453760 789659 462595 319587 316813 515025 138481 810542 373484 499223 291419 405787 355609 831652 638380 917499 236857 118337 874252 349755 917621 452152 952587 284955 961732 356989 472816 595261 631195 619370 246768 605206 706441 193935 934445 678090 772715 607606 899676 754707 117662 119892 557620 939799 960278 774563 859628 105281 220070 512118 335160 251212 151126 288622 908941 534055 849088 984024 501060 973885 380487 363523 926884 374360 390190 472125 222219 880561 576150 973499 244951 743109 660379 386400 736608 787802 707717 394570 710872 468246 170867 182295 949356 855239 265083 549883 838400 308336 801115 244429 509480 894299 558817 804242 886705 521451 729941 681460 825076 461289 458039 949438 634768 297770 292018 376374 273174 703749 487366 979579 217598 505192 599152 895031 358437 714206 766017 954659 490148 196306 547892 786914 235293 642886 284759 775603 739038 240696 229760 294027 631186 954579 327851 286194 840645 997797 645294 573874 475787 250744 615465 269951 468221 745547 390291 369276 833527 895491 991049 425990 706591 482106 174108 559622 257046 476284 173073 619565 467830 826332 393598 818105 477312 103775 991551 453071 882447 535038 668889 318117 215477 896240 230959 998705 291574 955525 336569 402879 429194 639892 954239 473215 373383 687173 545781 646737 300508 190847 786192 953534 863852 551747 173250 854675 110843 261894 187710 550746 812385 371102 809238 328590 157007 526519 243899 790271 813729 228533 487282 798708 153512 534154 477102 467194 369365 189536 598041 229051 766897 560074 442504 533209 751745 207676 450807 484779 594379 287622 509193 507651 985750 236410 228264 486363 499499 231526 862932 725093 573290 246855 686503 333511 680642 854424 228511 728643 434221 549523 894409 227325 978258 403328 974016 148179 107727 786548 920884 
653 662
502 572
35 392
341 630
362 632
121 275
508 520
356 623
65 355
344 401
147 392
458 589
481 489
303 386
525 633
148 421
426 518
631 639
235 366
227 420
305 382
600 640
510 636
435 663
64 247
417 560
519 611
212 354
279 588
234 324
75 200
594 650
323 405
289 642
336 559
417 579
80 185
556 596
621 656
373 562
137 447
108 570
420 478
305 587
330 585
229 469
278 579
319 594
602 606
78 432
7 348
337 444
604 631
648 657
81 520
449 460
353 643
82 546
170 642
470 572
290 294
415 578
570 616
506 508
472 529
174 180
526 539
624 661
77 476
484 534
11 52
443 448
69 546
257 403
223 376
532 591
548 617
185 203
18 235
634 654
2 227
237 453
17 554
414 625
493 512
99 644
145 253
478 635
238 307
510 625
343 535
60 320
373 399
69 283
127 454
450 597
379 444
543 662
456 605
596 620
637 645
265 529
219 271
271 605
414 578
432 479
254 646
189 448
181 370
405 405
341 619
105 305
12 570
249 509
612 624
583 650
335 508
185 192
273 292
513 521
653 656
75 405
334 432
650 657
47 372
215 452
469 649
505 506
180 493
290 329
656 662
121 501
53 637
327 337
376 440
128 355
537 629
128 202
436 484
540 548
295 654
623 659
174 435
586 633
609 661
390 502
553 560
116 179
407 427
155 248
28 454
211 288
4 104
121 657
68 589
555 626
651 653
65 173
138 577
537 610
136 230
38 183
420 516
379 661
564 588
350 390
550 635
117 643
343 441
148 466
333 651
557 602
659 663
208 220
344 469
426 488
390 442
131 131
80 658
404 515
541 601
643 649
343 513
565 641
486 535
635 652
77 144
574 607
464 496
660 663
485 515
54 538
407 554
553 557
478 487
279 352
632 633
52 553
448 537
188 321
97 548
657 662
472 619
182 235
4 343
617 628
562 639
562 609
272 511
357 402
347 621
236 619
485 607
49 589
241 329
353 657
75 544
8 194
466 525
356 541
385 387
47 604
534 570
638 643
482 615
509 555
102 336
537 548
216 389
289 560
238 258
303 583
127 145
593 603
505 563
601 661
593 652
616 620
95 646
416 651
100 208
550 594
573 598
245 306
284 501
632 649
113 376
599 663
160 309
438 550
520 617
100 591
553 588
115 584
484 565
368 619
125 175
69 282
643 659
79 335
439 538
532 580
479 577
324 553
258 592
190 273
235 295
120 582
533 625
506 623
605 658
394 621
562 625
521 580
237 485
559 587
510 643
313 591
340 442
656 657
612 646
292 316
96 387
211 567
113 196
86 97
164 601
220 568
18 372
29 529
408 636
123 562
55 146
123 468
290 394
450 523
294 390
348 565
205 233
614 660
77 297
248 298
50 608
356 636
308 532
244 290
352 519
127 301
655 663
599 660
478 591
87 456
600 654
449 575
184 362
566 600
128 140
112 645
3 219
425 633
532 552
554 587
194 632
431 661
524 662
214 245
316 417
559 591
277 447
117 492
58 245
542 586
303 350
162 273
45 89
124 144
571 604
315 455
304 554
319 650
342 493
18 639
604 606
482 643
653 656
618 623
70 501
634 635
634 662
515 590
453 490
5 501
494 653
561 572
78 132
346 605
446 493
566 572
409 480
461 551
470 514
141 349
343 494
517 575
531 538
643 655
223 503
2 356
87 378
83 292
4 265
400 634
198 326
365 623
62 126
423 442
6 201
223 598
366 554
79 317
411 606
528 663
68 579
417 446
326 360
266 296
95 303
659 660
169 381
102 370
422 475
610 656
474 531
217 559
261 476
544 613
379 453
266 412
306 500
530 557
299 392
164 406
636 641
55 154
361 502
432 536
189 360
191 635
484 644
556 661
351 521
281 314
405 568
261 522
383 538
31 46
306 537
133 257
589 624
113 176
609 643
93 117
249 310
641 662
394 577
347 521
456 594
503 512
437 566
396 652
587 610
135 165
99 450
158 299
221 583
231 254
248 361
470 534
461 541
469 470
658 659
487 591
160 642
190 385
385 492
153 237
93 499
593 600
605 622
658 663
490 546
358 446
569 572
461 478
90 651
573 575
67 642
619 661
268 272
646 651
424 472
157 270
593 652
645 662
516 614
26 324
195 435
222 360
124 401
179 442
98 477
356 492
489 608
638 646
497 604
311 469
518 534
290 316
416 536
180 657
452 509
467 501
311 357
260 506
97 481
209 445
92 510
626 652
40 362
619 657
540 590
562 615
216 247
569 575
136 556
637 642
278 546
410 429
323 581
172 306
421 645
152 309
438 529
156 544
109 584
463 512
518 522
283 332
515 590
493 583
222 623
456 518
239 382
358 432
204 288
238 541
534 635
166 466
272 447
284 386
151 446
513 587
459 589
149 549
661 662
351 659
661 662
345 531
478 592
300 590
126 603
243 542
29 576
89 433
356 663
619 638
318 611
41 138
506 533
319 396
322 484
140 238
150 369
446 541
23 331
222 260
503 629
15 240
540 635
578 620
76 160
467 516
353 539
467 520
485 548
47 95
424 646
228 603
420 451
509 638
607 621
189 501
201 386
569 649
27 125
118 271
582 590
63 591
305 509
363 578
574 606
146 609
343 437
181 255
236 644
292 429
274 361
508 612
262 317
498 572
100 214
189 577
615 653
333 517
577 641
628 649
26 195
165 279
54 82
71 92
431 524
587 645
236 350
434 478
285 420
611 618
554 624
423 517
488 647
118 600
596 601
13 556
371 444
513 594
76 569
168 458
