767 802
813997 325775 862332 830452 321641 756932 580634 298616 741716 194988 243759 116220 689004 709454 684520 432824 120039 643231 894669 451042 913833 626374 561571 351215 535063 170450 484074 738111 498464 635935 992682 103755 447098 651203 897879 777282 117902 951228 966910 414998 863155 260945 455057 376632 446464 332962 441927 467172 447816 799103 308650 151253 638866 137514 335219 253849 867233 115500 700696 944498 935520 827312 647606 274345 529692 403067 638481 949554 516773 773849 245305 262936 946852 384098 222831 763527 348328 541825 752043 971903 836127 980650 726463 549384 388214 503274 554123 761991 365727 678936 641183 217826 246770 887141 715668 505984 559621 222455 441216 732990 951389 377474 944663 206277 670962 610040 697444 539025 326478 788208 646620 892388 256685 288488 581853 641990 189369 439616 214248 629049 863107 151503 860198 325271 604302 385797 170388 881569 385905 465374 115994 537549 195821 711674 930980 334813 407971 970653 623430 923411 769442 758375 133057 754894 106322 427852 207142 644869 368235 952737 599372 187759 346936 828554 903855 334602 561294 166938 131307 824371 659420 725512 102766 370683 322821 634224 259959 854087 164799 244461 289057 158229 219345 805466 404977 924554 626317 258643 452003 582864 343151 959476 437710 241595 104950 177385 635339 644287 277143 128716 605062 303428 152569 894241 246451 855638 607391 626416 319848 468244 252601 762948 109918 274484 147933 944723 327261 195771 186848 424142 114738 906928 890558 833724 382590 850761 363925 942136 681223 843363 580927 788270 193799 312331 475143 136413 828338 739135 215991 694086 887321 168325 229525 470039 260409 181462 836655 433990 890344 505350 996349 610209 998718 230975 308010 724402 234932 642798 697218 358922 152906 235331 307507 983700 861893 249230 396862 622355 948287 175878 938634 707677 828875 604707 172378 558891 472161 104649 237834 403422 595870 160999 416576 381474 976816 620193 138056 480588 228027 410334 788504 128646 628077 478842 296310 881569 500956 831118 163326 116764 199403 425214 799050 609768 609583 191319 515754 861984 904473 288162 852111 173913 272616 459909 121836 673875 452147 241442 813976 981441 376105 240526 935117 873802 518159 972003 451010 281162 641190 553223 343506 470529 965362 810890 943211 139299 869060 325388 953240 489470 250369 965188 737599 907423 427521 191994 695363 835630 680872 245343 884018 411014 886545 118007 449368 925390 646054 227262 200995 420322 878217 508936 305822 176682 278831 585871 990838 902162 196911 521705 959392 478400 753263 647751 750960 963850 872439 348475 678253 943108 566691 963519 331383 370069 755102 890763 808865 653662 528527 966347 811649 890555 836280 595674 853772 659149 519280 738782 924338 908231 346884 222794 523908 348008 851116 246157 881166 995529 121214 805296 693997 232346 747773 401819 145207 865147 502551 737083 329467 858355 737065 219675 406361 250731 916464 393820 815342 355413 534235 614939 855207 370371 496857 247327 873582 759134 295454 461532 779414 388153 505031 508667 620324 175241 611572 890022 248399 374930 581254 615541 736601 909330 307509 172193 863831 701089 881115 233226 703656 451992 616794 279789 968037 602891 323205 101479 135742 514314 763633 745521 558554 870356 780925 648253 523535 744970 887721 900456 401684 187138 656265 106610 934512 358374 274695 924380 811342 954320 313783 643564 752725 780018 672113 807999 575079 795102 559600 152177 405874 194080 807502 624432 262747 605704 335233 486116 738802 119904 537846 137548 196646 601627 985428 912536 653859 804197 933117 428808 241450 867861 148591 490174 238525 420042 741321 561872 566314 825031 192868 645561 450219 420994 946155 739158 848304 410769 988750 260484 761839 718895 778840 421226 779737 914546 366524 693134 228131 726703 477981 253056 877144 657279 714452 350890 957295 227742 377135 388682 752640 881694 448749 254834 115215 604110 212812 768235 938099 728044 745079 283575 591426 369369 445620 459345 823508 588611 774766 736552 235902 723859 902452 142383 985657 517328 886353 116808 376872 332691 569882 209268 527142 774601 644450 466405 686533 492685 525265 253477 716688 606019 521545 762739 744762 157853 740064 933757 767021 655674 389545 245113 964364 799418 399483 135307 210499 689264 980122 862016 839487 703019 185417 144357 455130 720228 909978 922643 501209 668962 288163 169370 480597 538308 635577 582282 866038 671326 923092 544321 644462 303929 507898 650199 788447 172737 517713 367149 709318 766781 623528 874436 535744 623566 614755 373106 620868 736589 762762 630516 308121 354214 613519 608566 763554 314113 309081 722357 659944 448755 917352 159222 147956 302941 615844 555529 232082 386895 679180 702636 227836 347168 284159 206402 828270 637682 987645 647474 686098 532633 833509 525825 145795 347092 928329 495454 836398 883179 936496 421091 733494 864791 359247 359731 314627 635820 415920 623051 569064 378130 125848 100975 241212 733007 956281 330701 559044 121091 402706 544079 138311 257178 210114 633374 671785 585190 225825 683130 790897 593626 577551 835219 339547 345427 543043 807326 990052 858537 484823 568199 564748 580423 424741 735545 800941 146514 523202 940133 930578 260157 815874 665645 406481 458151 367791 976340 659799 896039 671197 364822 212379 755931 381489 321003 410274 176873 316162 904313 431609 799193 237224 672025 888163 110118 637407 460566 423198 896336 381852 
273 279
324 520
679 736
131 153
47 766
622 686
184 261
12 570
447 572
702 736
76 267
650 725
79 154
106 620
498 605
734 741
510 666
41 567
48 135
384 517
212 249
485 486
185 563
501 696
672 730
347 364
405 532
319 660
740 742
84 263
578 611
77 461
541 566
87 749
237 539
418 492
704 713
281 324
299 491
544 740
149 728
505 580
164 359
684 742
322 700
421 425
676 765
472 694
590 628
565 736
730 762
124 327
25 220
489 491
580 701
279 709
678 753
607 634
754 764
551 711
61 584
530 609
713 730
411 710
511 673
315 694
103 160
344 405
114 155
316 620
68 503
120 645
54 277
637 675
719 737
655 682
388 456
251 332
447 623
43 682
729 731
529 740
30 478
109 235
282 490
681 765
9 666
97 131
502 763
272 626
326 653
258 408
57 258
36 278
369 539
456 499
204 239
267 377
260 602
286 722
312 440
683 686
180 373
730 748
512 715
105 667
194 319
342 662
635 738
80 273
370 646
627 709
198 429
586 672
752 764
474 688
269 331
41 375
367 467
509 695
308 707
529 548
459 677
68 242
190 290
443 671
506 704
219 521
502 638
341 508
294 553
335 690
19 96
388 713
347 574
624 657
121 238
180 525
42 166
161 679
590 695
542 743
54 491
612 656
212 523
528 552
17 747
102 443
757 763
747 755
144 362
469 507
312 437
417 566
701 710
226 720
213 284
526 652
86 390
729 735
102 457
303 312
697 738
658 713
335 445
304 576
416 674
507 615
47 386
195 198
349 406
247 317
340 457
273 512
584 736
371 589
648 707
289 350
571 706
685 712
201 661
3 359
114 636
578 715
586 725
748 758
747 763
209 509
225 552
484 527
41 210
274 290
541 586
258 711
204 465
656 699
502 534
599 599
633 762
728 748
736 754
95 102
397 629
266 472
224 627
294 366
119 516
421 425
748 766
703 748
345 625
629 718
73 508
734 745
465 714
159 555
762 764
437 592
86 263
61 93
706 764
657 734
677 689
748 753
69 151
576 705
507 665
401 582
346 587
74 466
593 719
58 454
295 532
164 234
160 517
301 395
283 738
632 678
51 706
56 693
504 694
292 719
562 647
513 660
500 591
369 557
418 609
500 619
304 471
299 527
454 622
300 441
72 375
618 619
364 598
158 467
41 334
488 497
557 726
187 460
120 242
113 157
22 589
522 705
676 748
158 160
512 555
583 739
205 242
186 479
220 739
439 689
678 756
349 605
456 535
353 708
569 723
703 736
139 461
336 415
231 383
566 644
450 643
444 740
567 572
245 538
651 664
354 711
136 655
571 694
526 558
201 742
377 436
436 546
466 664
228 572
580 713
306 386
366 620
328 587
568 587
80 330
591 614
558 693
179 747
329 550
631 653
270 634
176 432
144 493
686 729
134 549
509 541
213 756
64 97
461 567
487 701
180 428
564 676
658 683
379 654
339 643
254 548
173 566
429 438
179 489
296 737
734 750
56 457
192 674
82 143
643 727
141 219
694 746
618 764
447 465
739 763
397 453
467 606
181 706
593 675
468 559
317 585
80 441
599 674
70 159
546 557
722 760
503 639
763 764
472 530
327 415
345 467
445 738
701 720
463 678
724 735
104 471
151 222
722 765
269 642
747 762
55 539
52 321
510 758
57 467
84 743
209 622
407 457
293 587
63 512
269 598
559 659
708 766
445 517
621 658
304 665
436 542
87 356
737 752
330 543
615 693
712 763
319 369
188 228
658 676
36 608
126 450
345 716
355 593
208 320
691 703
261 539
435 615
562 728
144 147
313 319
374 702
277 729
21 84
50 672
288 418
391 442
290 385
66 185
366 561
468 579
700 758
125 639
478 752
580 706
364 427
465 579
567 677
292 460
315 413
504 508
352 437
724 758
419 711
318 506
187 723
447 451
453 643
312 329
80 189
652 715
566 568
608 700
513 558
704 714
454 755
302 541
202 447
600 706
396 539
204 421
100 382
255 425
306 466
461 521
309 726
355 526
703 721
311 357
114 707
288 583
660 762
706 729
378 588
733 750
14 490
292 398
299 319
733 746
578 657
448 557
280 676
577 630
576 645
123 451
375 711
79 413
189 622
337 404
502 671
744 756
551 750
189 408
339 404
715 725
487 632
697 708
703 757
389 565
346 570
706 712
289 468
453 539
360 417
430 651
167 288
324 637
543 654
570 697
218 497
191 384
417 612
639 669
700 719
343 732
736 763
539 755
222 375
381 524
424 601
623 701
436 719
63 328
618 618
453 492
71 246
732 757
484 501
127 683
398 548
739 741
719 719
444 576
169 391
185 652
199 409
398 515
422 564
624 705
546 748
35 429
226 678
313 753
613 748
195 634
142 586
664 664
667 731
402 428
287 615
386 604
307 383
248 720
119 636
512 589
130 201
319 473
50 272
682 704
663 676
715 756
476 740
390 717
62 204
425 756
34 721
575 648
478 552
509 644
747 749
4 84
556 583
526 597
670 704
246 484
734 754
52 516
235 415
83 537
16 154
218 431
285 616
583 630
398 489
399 461
225 344
251 353
204 261
432 508
286 476
241 574
310 399
29 98
430 639
650 670
743 756
108 349
716 760
150 286
157 349
45 590
204 324
312 578
264 579
249 488
434 761
514 764
683 711
459 504
27 257
433 685
130 676
503 713
522 698
455 650
392 571
316 410
269 317
458 644
182 695
238 461
321 704
602 733
569 637
55 95
226 286
574 739
625 673
326 650
690 691
627 674
260 355
368 458
640 718
286 607
670 713
95 542
575 703
633 679
463 684
37 558
483 501
77 381
126 538
290 589
155 490
708 710
629 751
55 605
482 489
297 705
754 758
373 463
620 627
564 613
578 618
471 619
583 647
697 707
220 741
675 689
631 655
435 598
751 762
296 696
588 615
700 719
236 290
523 716
193 619
156 436
442 562
79 567
605 658
649 716
319 516
454 584
113 720
213 551
551 705
296 540
612 717
585 726
586 654
428 555
647 694
552 766
459 725
729 752
592 636
383 597
712 754
350 465
241 571
671 734
112 401
277 651
416 757
234 355
214 653
279 330
471 643
130 288
346 656
755 764
333 668
433 447
303 341
328 521
14 16
336 606
4 373
526 617
243 349
567 571
297 694
238 517
620 659
632 653
269 393
104 205
141 432
238 668
632 766
458 519
373 537
614 663
55 56
38 167
203 410
382 735
355 418
405 682
230 440
512 694
722 749
292 435
525 594
404 525
221 636
714 720
340 686
204 311
190 604
183 534
414 589
37 628
315 398
517 558
338 599
148 521
95 613
600 700
750 761
15 312
485 726
85 578
672 685
91 614
645 734
1 401
694 743
479 592
507 599
513 754
477 712
155 695
488 521
491 664
248 388
170 492
411 441
504 671
298 417
154 407
270 398
149 228
130 600
728 760
726 726
558 569
29 219
523 603
117 701
341 576
165 590
204 426
69 533
614 631
685 700
309 469
474 491
266 476
51 650
316 703
533 546
165 384
103 524
563 578
573 745
723 757
275 293
190 643
299 678
136 499
334 482
701 705
406 518
97 328
615 683
385 671
382 507
90 380
384 691
70 314
687 694
276 610
568 568
277 296
328 411
695 723
67 711
448 683
276 763
730 733
79 658
