600 714
874957 842247 217477 999274 616623 188668 387768 886065 587168 940931 155730 295842 987343 134465 746473 108804 136416 251263 207496 908215 459862 145122 937412 828285 901540 740514 111361 186581 446585 552751 516885 360436 650180 362023 708938 524402 169804 117519 750577 370219 212877 326506 573454 626931 917862 357445 375441 822410 421240 856067 188996 221661 639566 718762 706535 378298 362939 436220 402048 380100 165159 783523 874877 386626 490653 396206 761833 429180 609006 804866 816252 291287 815485 376254 620023 333091 797922 565347 203099 551035 828200 505068 185533 658437 121263 169090 261407 689595 431442 321720 629542 855907 690783 886878 126547 424864 196802 645018 781562 835894 124090 753734 754474 424619 767075 139895 412906 165606 477202 212713 965884 216749 327856 419070 944999 922666 413295 500064 937247 203209 226540 920341 133443 908209 942495 741973 596559 197782 424717 591782 191123 169000 349383 658057 726057 727159 540361 507827 840260 117950 337751 529750 355444 824654 438164 640522 605570 804787 358507 659788 808724 696590 523639 543749 438815 362902 507858 618416 232750 912531 345981 640787 583520 946092 738805 419336 998934 174568 121916 726688 468435 568351 665191 631756 132103 456928 252601 799063 252759 105832 813633 508232 879795 940761 687577 699862 547712 940140 734714 907273 318991 447799 390041 258913 890368 675493 254700 205401 776538 130848 603339 933327 783450 916737 538458 964188 587903 616993 235897 649335 470191 896586 817951 336854 267539 314012 336278 960917 300054 926769 815338 110410 289304 112715 567419 937786 921885 714083 591485 615799 567465 764021 318416 958170 209545 675698 220114 114721 186376 204293 698858 778066 233887 345111 886796 360940 239808 343427 154883 514677 102854 190382 335467 188203 731106 595061 293565 992216 311411 755008 592005 848559 315930 532687 275926 832986 412114 191935 989678 359220 717064 202820 937077 632212 528777 915365 930289 267146 602502 811805 983805 189387 567384 976582 786536 145992 448483 534423 265611 427176 410895 117081 639309 185989 545551 912876 775759 359251 238397 456221 607627 122933 744903 147679 995329 284965 723737 171211 751714 215495 374863 900006 924186 478206 446829 946207 354437 918940 990334 890791 693921 639048 457259 552598 786593 550030 759099 932745 156231 347657 325967 666773 249221 491654 494381 382146 330292 367898 881761 192480 562867 351940 335255 627084 567182 350552 413291 849122 549645 209782 307187 108689 241709 537302 333498 993681 651171 718421 673569 918752 851090 983047 732191 692313 946422 685897 101936 309060 854888 548732 400694 131219 404170 103868 584127 446055 152866 103086 226771 551563 991294 230611 899064 904041 405798 768778 646761 400737 114673 812814 720625 440381 479099 214772 601437 453108 821693 374460 375729 353626 387930 898274 868283 299404 207938 246980 106187 878367 964711 741564 174272 251332 973207 150937 233954 128766 338897 988785 881376 627168 718210 163834 503568 326148 311115 892679 598015 509561 868749 688577 971276 346012 864931 645933 137186 458850 626817 338781 971243 689788 127836 225272 204048 330070 602220 622194 264882 844452 932615 496299 987419 676931 820899 924710 862804 924310 493271 799091 512287 834220 164110 485915 986509 367627 553111 446153 818466 192048 854390 926373 395127 416550 714900 868163 650840 703364 611473 650276 501783 568420 976819 977905 390469 124238 623233 196118 741303 380609 831137 748538 313501 394631 295386 694447 752196 134549 528436 889691 574573 898182 891600 784446 773430 947670 160196 515971 200306 864814 937011 527096 907655 276045 528336 344377 582344 840742 728826 262191 895103 952007 859544 853029 995528 315920 993942 307739 624225 954885 338985 497716 991110 168083 910505 639252 379918 742748 603890 150426 246089 258911 316059 944093 402535 117921 263777 808419 771656 605192 920051 509493 803846 364711 762120 203254 222124 414300 529861 705507 759125 325702 779018 292522 131959 724766 682792 642823 957989 657959 488995 843559 609247 486810 980477 427644 793024 667290 252419 267388 762753 878950 945593 570031 946433 118707 691683 569248 981812 488146 898492 736932 614970 651356 881270 471253 995413 104246 509647 998234 472286 915842 
331 433
330 589
198 382
231 260
419 462
484 577
581 595
494 578
203 389
460 557
542 553
410 502
539 564
84 103
506 569
515 528
495 558
48 451
4 485
12 137
554 585
13 535
449 450
87 483
503 544
475 576
583 595
356 357
54 143
90 401
178 502
267 411
521 585
37 93
460 573
261 433
588 591
248 427
573 597
239 442
95 512
240 546
170 260
20 418
531 599
356 475
567 590
203 547
232 471
238 513
43 569
118 506
536 551
402 481
139 158
507 545
451 545
88 317
467 482
128 320
81 272
586 596
407 509
56 253
312 427
206 356
344 362
346 402
233 292
112 182
255 563
395 587
491 595
309 434
472 535
441 457
461 462
416 556
89 103
389 506
235 320
107 376
231 456
349 521
559 582
372 566
343 498
47 527
423 426
234 445
43 369
55 73
21 182
219 278
593 598
241 369
472 475
5 249
246 369
503 544
586 594
14 393
491 597
374 428
453 572
349 453
466 470
275 316
316 512
13 140
306 441
310 589
320 392
44 131
340 342
467 482
573 594
352 583
100 423
360 367
277 382
286 407
273 572
66 260
554 593
20 233
468 511
283 369
268 493
531 597
193 370
558 570
160 220
105 111
361 476
84 432
235 469
380 534
591 594
113 565
406 563
264 522
4 139
119 309
80 381
466 470
598 599
292 353
174 484
51 367
556 592
223 392
451 452
367 507
557 566
569 598
402 584
220 343
333 423
439 539
366 367
83 108
301 475
480 592
127 440
302 452
341 343
157 544
229 564
418 487
286 389
422 527
395 514
163 501
560 578
571 572
44 355
93 508
551 577
259 520
389 464
19 43
455 496
67 146
152 241
379 504
355 534
494 565
252 518
485 554
3 434
271 526
214 431
165 336
332 524
430 566
156 374
327 495
64 517
47 544
419 532
584 590
67 409
442 580
494 528
51 73
122 362
575 588
8 287
577 593
558 584
590 593
80 379
9 143
353 507
97 295
375 437
448 595
361 509
191 533
1 400
526 566
127 242
280 560
413 561
23 497
412 566
548 582
20 334
12 126
526 559
444 450
454 528
342 501
339 399
286 463
543 583
230 390
21 485
238 479
536 581
423 454
121 168
509 543
386 528
249 588
583 591
315 522
403 441
182 451
380 435
271 580
279 542
507 597
592 593
219 397
503 513
404 569
121 322
441 570
553 573
549 556
554 595
306 583
248 396
396 517
207 541
420 424
205 577
521 598
420 544
118 150
351 398
458 523
157 527
566 567
446 581
218 482
4 46
381 398
199 490
529 547
415 555
90 112
243 359
129 231
233 247
489 531
37 491
519 567
195 395
354 362
356 365
413 471
524 591
299 505
181 586
190 321
276 596
546 568
266 319
472 511
23 43
122 229
574 578
588 591
317 505
385 445
481 547
338 554
200 544
364 436
301 512
235 581
13 177
153 259
387 420
130 590
222 549
500 565
316 532
578 590
18 354
81 308
80 340
59 555
415 436
362 370
515 519
66 426
287 484
317 509
445 494
242 263
432 483
247 499
274 298
285 414
170 247
343 525
435 539
213 262
397 523
457 585
452 505
215 367
8 134
508 583
477 488
347 579
22 153
74 595
570 599
249 559
350 474
587 592
351 367
200 455
442 541
588 592
414 452
93 305
490 491
369 545
566 587
567 579
235 371
257 415
180 397
346 404
567 591
535 541
196 503
122 323
228 579
141 329
272 416
16 362
128 308
193 574
142 558
578 588
496 590
38 231
496 540
429 578
285 320
567 593
537 577
480 541
151 276
421 539
97 543
575 583
572 572
464 508
468 568
351 361
593 594
293 533
427 522
29 125
322 533
232 546
125 172
74 585
325 438
379 456
339 529
573 584
338 532
160 304
370 455
107 201
559 589
180 556
146 327
160 225
559 586
260 362
436 510
105 530
568 578
225 404
500 589
539 559
114 573
380 436
434 534
475 584
458 504
507 575
206 291
151 583
147 563
253 566
130 316
275 313
136 275
524 588
493 520
580 597
440 475
484 556
152 175
124 133
178 261
587 597
453 514
99 514
33 201
548 595
318 318
598 598
76 226
581 586
155 180
536 583
489 491
32 87
99 431
510 581
518 577
182 377
410 500
434 479
563 598
422 427
359 436
227 403
118 220
145 358
441 460
320 575
585 597
177 465
309 417
408 503
484 531
206 242
123 438
536 543
272 301
471 590
279 522
326 512
35 223
187 401
205 323
73 118
260 380
360 573
529 581
281 314
552 595
233 321
180 382
519 565
76 279
594 594
79 546
291 531
372 541
4 152
546 583
329 356
231 535
438 443
516 541
320 394
435 567
32 356
595 597
89 427
506 547
363 490
452 575
153 518
307 558
254 500
281 329
580 586
154 454
120 162
94 466
473 569
114 396
13 350
326 335
581 595
246 445
258 456
367 544
559 580
97 549
156 183
293 391
249 448
399 585
161 351
253 419
239 443
29 501
398 401
279 285
64 226
23 345
489 495
140 396
469 495
410 419
312 359
259 279
277 429
401 431
329 444
239 371
290 540
569 569
51 592
122 142
537 597
490 540
215 380
412 413
434 457
544 596
46 258
101 306
184 478
362 583
320 558
451 592
172 408
312 373
461 526
430 453
179 272
472 541
221 571
181 500
15 205
412 578
445 524
342 407
122 381
588 596
246 513
538 568
180 433
568 569
51 437
383 565
517 555
21 176
416 529
380 474
107 401
596 596
259 351
422 542
410 479
546 598
119 197
499 598
124 269
17 576
109 435
145 320
278 467
318 508
280 301
78 257
1 303
211 271
456 509
493 553
389 554
269 385
402 472
136 579
187 228
221 382
413 583
2 203
81 199
18 111
322 324
133 197
481 537
112 253
193 442
216 311
158 402
105 497
227 267
378 499
535 573
40 495
92 395
375 597
514 520
227 379
273 579
318 513
44 407
181 422
83 320
30 486
125 283
268 536
103 403
249 556
3 178
510 593
341 441
589 592
243 370
451 456
13 509
27 87
321 496
581 599
150 330
90 293
560 587
549 575
263 431
211 379
372 597
111 123
412 477
576 592
350 491
376 481
412 596
544 579
504 533
268 419
555 573
106 424
246 253
542 590
164 177
321 437
272 511
152 282
326 484
595 598
414 576
1 99
428 550
423 450
439 439
182 487
523 580
535 546
26 420
474 556
406 549
18 407
350 430
63 101
251 463
231 237
363 469
215 396
259 492
554 571
172 318
396 520
118 324
380 408
556 572
