575 946
133776 811060 356879 692341 761899 839758 613983 770682 204569 360756 262192 763769 340287 987180 895798 157955 778198 231212 552296 186040 621368 605349 935393 491809 487665 935388 912290 592529 649183 838408 588335 955932 415811 728259 422769 359139 803145 950087 382847 125703 428230 434834 947340 776225 264042 117093 494164 255155 155555 400604 171980 571603 941079 512076 672447 777475 428721 754274 167810 131531 200627 937311 638844 299983 909825 407025 339364 814693 504404 189463 646152 455742 148554 184007 549297 930389 172639 152489 789611 414267 607692 122981 629930 311335 938204 267762 342705 263981 517008 955150 794460 134265 966267 842333 862058 314139 344827 740855 543232 559420 837224 398279 120620 327975 322082 464689 370071 419573 320738 939901 545749 678779 196556 132205 521361 988685 723909 380958 177712 861336 426531 732373 182150 382692 576146 256294 409144 729380 177539 575722 488024 716262 994640 990138 670343 317331 184214 615621 338462 580792 288158 222291 967521 112423 352421 782270 924181 126770 982357 567194 288229 797333 299316 219395 147943 101284 864953 878747 161747 131910 263452 778285 842291 517912 356427 535576 406287 697414 616762 564566 874278 212236 794655 226701 271663 833183 447324 726488 475545 932318 277533 660646 364450 659600 786470 140055 380890 448494 238395 454770 327559 820550 809706 468340 612434 385371 690928 100044 282690 145922 177440 902210 627485 967373 633254 582357 444483 488654 488429 519498 547069 936970 453095 351219 235184 856450 358156 485757 947218 481293 870575 799250 270936 676817 502785 696533 773037 902276 344198 961251 446967 127510 163867 846534 599486 490149 457671 558346 928614 600346 178159 655245 289406 536082 156569 613998 520945 816377 679473 242633 920404 499405 302167 764274 588484 344953 378500 175480 454169 724708 160651 817117 644151 869226 511469 363960 485513 812789 244156 909155 980890 722681 648360 422153 293451 109144 845406 743919 617047 479658 161353 323623 703687 407193 963389 481012 617501 505096 329494 528849 905985 701871 917441 455081 762746 293952 207585 437231 246659 113630 196113 374440 807298 447081 696177 451396 193505 418923 521158 717048 621206 303940 401032 542959 880011 878975 208362 385204 994454 935003 129557 740689 448178 240821 573172 578901 487927 811138 682605 526400 228873 670809 328513 443298 569880 557066 479237 768696 709262 486181 177927 821871 514625 817642 351906 650425 299790 620079 210620 802509 429670 117376 305087 198858 287002 218236 233061 852537 776554 922722 741118 374143 740462 483914 483612 987686 510875 155760 410372 291549 531305 326253 985672 781462 758603 536564 539814 574911 145973 736412 527659 365968 814459 939779 793393 401362 145080 660963 552285 927622 567929 294355 548812 974105 501804 412462 324259 131471 811913 349602 513416 530987 480235 415199 108041 259745 516705 745733 669357 863487 753048 227283 294135 428558 940957 632539 544776 813473 838976 649704 231527 621001 653000 322608 527519 440637 299097 801723 867919 365599 507351 447675 305044 831876 190327 578553 620221 183917 201867 539759 963296 784655 956450 337739 993596 621942 133803 267557 943040 387149 140036 716812 632140 156760 241545 996612 977486 168863 773270 105215 643235 835914 805077 523636 678890 113712 495403 688238 543031 794055 507018 925247 156023 888932 404450 724429 914425 472443 245538 567463 719031 136747 409958 551962 580834 230411 779978 191185 121582 489619 346420 176569 923040 612656 349939 704791 364809 358707 827519 777824 978509 603025 992801 201836 546131 170497 879463 527563 264335 809318 723681 606321 339893 660618 486321 206258 144259 429787 823503 960319 822898 726875 219020 601958 648509 360586 493549 144023 439946 912256 700507 637734 701031 726002 316589 648196 927879 697730 335667 690665 774842 662544 722179 206958 564320 783149 881330 745951 875891 102721 350171 320202 596762 710757 366417 704462 818543 695135 290460 752188 747666 516743 312257 361089 740237 778538 432332 123747 241123 831242 998888 845631 592669 482387 967665 
92 246
98 240
295 416
24 60
495 530
555 574
276 325
325 524
516 568
536 553
178 461
340 533
495 527
402 493
235 410
262 299
71 397
451 458
475 481
461 539
244 257
393 455
348 385
36 272
177 528
375 410
267 367
58 439
279 422
114 385
199 474
402 547
475 528
241 560
381 538
551 574
529 568
495 554
36 246
103 347
400 403
231 466
155 350
478 484
81 153
271 461
138 246
238 242
65 90
506 508
190 529
162 341
230 469
538 541
138 328
436 562
153 479
431 484
493 549
85 179
565 571
431 562
395 552
164 511
533 565
484 558
460 483
314 377
194 526
84 210
39 79
193 236
250 387
49 208
322 534
531 551
68 89
530 565
158 336
447 506
271 468
281 418
67 133
354 437
116 514
338 347
331 349
137 456
50 551
299 455
102 208
547 566
453 544
335 390
237 290
228 514
276 464
147 293
318 568
177 245
339 402
527 538
382 432
501 532
163 216
155 429
559 562
34 449
20 542
288 545
408 411
538 557
454 559
2 324
160 388
303 355
186 399
523 536
5 83
53 274
482 566
105 492
473 509
245 304
162 558
59 362
524 557
327 360
473 485
357 573
344 357
349 378
538 560
377 381
509 566
481 489
189 479
386 411
352 507
330 480
343 517
543 555
428 505
419 537
551 554
287 390
355 393
223 455
39 379
300 557
403 455
365 548
228 494
330 573
186 569
5 460
513 570
81 242
294 518
562 574
536 561
216 406
371 532
347 367
79 539
458 546
11 103
5 318
304 375
558 562
326 468
73 506
193 219
69 433
202 410
321 503
461 505
64 407
322 332
111 500
213 256
59 466
56 285
526 560
275 531
334 432
354 529
437 569
288 513
358 510
393 401
403 445
69 178
388 495
389 573
96 391
482 574
450 456
76 223
346 477
307 430
38 230
100 143
275 499
557 574
268 434
485 556
188 215
51 323
217 566
438 499
176 480
370 447
109 284
117 441
324 492
143 238
272 416
209 478
55 394
258 474
222 372
481 489
477 566
243 547
482 513
347 443
484 523
223 508
534 569
149 406
100 485
175 255
420 568
95 311
47 477
269 555
132 572
23 392
75 464
566 566
440 524
523 543
5 422
287 319
362 467
56 220
177 479
517 572
133 491
437 445
540 573
555 574
80 477
253 369
434 504
161 296
146 452
521 528
254 545
427 549
221 257
233 248
224 463
36 430
2 133
45 309
451 465
533 546
308 358
551 570
396 549
445 449
171 497
254 386
350 441
350 538
371 522
245 432
89 270
55 201
36 499
520 566
66 453
369 562
125 330
130 147
143 390
394 541
344 463
23 258
286 360
201 397
487 561
36 180
409 508
420 446
381 524
250 460
558 561
80 94
359 564
356 528
207 565
376 558
76 426
433 564
194 445
185 321
97 446
83 290
262 540
150 234
557 562
289 503
390 565
377 425
12 534
162 450
550 569
481 482
520 572
568 568
548 553
180 276
510 536
201 562
25 96
568 573
491 574
480 520
521 531
48 362
103 336
514 523
24 535
271 280
466 530
440 488
426 496
288 460
527 556
270 425
326 451
437 565
247 430
515 567
100 195
242 272
59 443
331 392
47 517
22 31
6 520
562 566
198 384
166 557
392 398
571 571
445 466
289 445
260 547
41 477
23 321
342 490
86 470
551 560
446 522
213 524
71 117
193 540
185 380
30 434
307 487
523 524
218 291
18 517
365 422
495 572
143 180
252 281
72 422
517 531
370 513
383 420
297 535
467 537
26 482
466 539
203 407
2 179
163 179
178 534
401 524
425 472
64 336
528 550
490 493
205 297
362 432
438 508
494 557
175 557
319 333
470 546
532 543
325 514
497 572
121 405
95 123
44 84
228 369
60 261
243 558
519 544
486 544
344 370
315 343
324 509
4 66
237 508
293 532
305 417
341 346
444 459
407 485
555 556
89 257
389 543
518 538
163 419
521 535
257 296
467 486
422 569
272 439
367 462
120 458
499 553
484 507
548 552
186 491
416 492
120 310
502 544
138 139
444 542
430 537
465 511
160 215
73 141
544 565
239 317
340 505
162 472
113 305
195 397
395 409
296 573
343 369
23 98
273 414
177 408
62 428
117 250
323 398
35 438
224 427
355 480
287 362
3 63
479 554
402 551
560 574
383 468
473 571
150 392
420 447
260 511
332 474
82 243
523 543
321 556
58 69
317 498
341 423
553 563
267 445
41 92
21 283
507 516
239 528
504 565
79 278
453 526
372 566
82 161
195 271
367 494
139 475
89 302
121 196
383 432
134 178
91 118
81 302
210 332
466 564
237 412
226 270
276 305
318 489
131 161
523 538
172 416
58 463
131 241
70 170
32 192
554 561
521 553
566 567
2 204
119 431
196 460
380 416
343 372
195 411
426 557
291 307
261 531
28 553
129 323
271 554
446 491
323 572
440 570
465 563
320 406
317 335
431 489
531 552
165 403
55 319
466 471
556 571
435 547
432 454
134 498
62 547
317 536
120 532
89 166
168 236
270 343
104 507
464 546
504 564
483 554
501 509
82 489
462 477
343 519
313 354
47 447
389 499
440 517
328 387
447 519
303 541
541 573
485 540
526 571
134 260
145 490
160 388
171 283
165 451
451 515
467 556
28 422
343 367
529 571
68 208
329 540
495 512
414 476
123 160
92 157
284 315
563 565
159 200
209 444
470 476
346 543
521 565
147 211
202 461
141 300
312 573
381 521
544 562
319 534
13 437
454 540
8 26
203 454
137 466
569 573
110 227
253 413
325 383
151 350
327 536
571 574
157 252
116 551
25 491
482 536
200 460
313 344
117 356
445 555
367 448
436 452
19 45
130 146
466 560
538 557
197 397
5 326
188 270
317 544
1 126
522 559
309 566
488 560
50 95
215 270
398 552
331 386
283 476
230 537
545 572
52 196
555 570
111 325
294 306
513 558
173 355
287 550
191 310
539 550
502 572
496 508
293 305
516 574
127 343
132 328
429 495
92 170
272 518
16 337
137 542
437 490
319 447
399 447
360 404
514 522
484 484
187 507
503 512
266 392
73 164
108 447
294 407
449 511
323 489
211 357
561 568
396 550
535 567
150 203
173 425
308 330
464 568
378 403
490 537
557 564
10 455
47 213
477 561
50 201
255 505
102 529
364 403
172 257
42 359
562 564
278 403
348 470
148 331
149 158
369 493
420 541
512 530
427 490
485 541
142 157
16 213
518 521
571 574
158 369
221 297
179 432
544 556
152 367
130 433
176 256
376 532
474 477
425 569
406 483
425 452
275 328
286 524
190 530
161 197
537 541
434 448
156 362
520 538
412 572
528 529
451 536
261 455
319 517
2 446
147 299
15 445
491 565
564 566
175 563
132 297
484 500
484 574
309 469
569 569
547 563
233 278
505 546
541 563
206 523
244 481
403 484
345 449
292 553
546 574
533 549
147 334
261 295
329 355
119 520
306 516
529 551
344 490
58 272
538 555
203 300
316 559
89 372
183 311
342 559
179 193
535 547
6 558
461 465
480 491
135 207
456 572
166 529
234 506
570 570
89 406
58 133
136 306
374 479
132 137
311 463
258 542
253 336
398 456
251 354
519 530
473 537
242 288
473 534
504 534
76 401
90 233
440 505
436 518
92 210
19 206
447 512
190 492
360 368
145 476
201 562
287 395
131 415
168 329
538 573
344 460
295 492
232 381
131 133
321 353
80 166
486 515
211 345
451 451
41 157
93 527
176 200
83 358
324 393
191 378
548 567
260 518
487 573
148 461
155 490
445 533
29 520
280 357
440 481
455 554
94 361
231 320
286 444
102 145
167 521
97 548
108 480
185 308
47 127
179 443
245 560
477 522
308 415
403 561
423 495
424 465
282 447
506 508
238 253
236 512
145 396
497 508
518 552
281 345
488 567
362 399
339 490
561 570
443 564
251 412
490 494
233 375
103 377
193 544
374 378
464 500
380 397
324 363
515 523
3 298
394 467
200 329
486 557
455 540
318 342
444 494
271 504
100 150
415 427
63 133
564 565
69 292
417 555
193 560
210 376
180 246
543 557
364 456
473 496
531 538
483 503
50 104
22 531
559 569
415 552
105 270
200 348
254 542
378 508
469 573
189 415
365 522
439 535
562 572
99 377
52 240
115 435
313 465
253 345
467 560
141 272
515 551
146 150
527 548
61 146
6 80
271 492
541 560
99 199
526 556
26 252
82 215
181 262
117 193
479 540
176 503
251 367
268 520
330 420
398 531
463 556
381 421
419 487
113 191
108 470
107 358
503 558
322 548
