945
87935 90816
6330 17503
57749 71195
70252 72651
98327 98634
57149 57695
66591 82758
34413 61017
15611 23172
34737 60166
63650 99389
95916 98737
82256 94869
17207 91090
41557 95202
69201 80019
96799 99441
8077 78640
31120 88371
15293 79362
3591 63137
50942 71471
81217 99768
1606 47170
89852 98119
58761 70423
94269 96559
67281 80727
22493 73496
21184 25040
79240 92004
77810 86899
5872 83470
1039 82114
26876 34818
99321 99443
33873 95952
20074 35386
62391 99455
19846 32509
96831 99306
24810 85569
89417 99108
12402 41515
20548 85230
31230 45120
5384 57529
83681 91359
74555 90264
21445 83259
52491 54572
99501 99637
45443 48156
74599 87575
12238 18815
97382 98164
12275 52870
43342 97869
35227 91620
49979 86145
35675 64352
77116 81027
3774 71389
28025 53715
63054 89576
29661 89892
12350 18369
91025 94145
56112 70536
27443 40300
66422 88357
25227 92913
7794 81410
8889 49763
47224 56288
66224 98475
87298 87738
75969 81415
31046 60125
52682 70049
15522 54238
69625 99315
71111 76651
98432 99982
21503 34085
54139 76738
90785 92794
97399 99841
37523 74849
6038 37569
16077 22215
80950 92531
46627 54599
63222 65354
12236 63767
86181 88751
99542 99853
61915 82918
38400 50144
25782 35746
10435 24934
97677 97766
1566 45084
27107 28380
51845 80834
88791 95696
51832 76464
29565 67793
69258 84145
51131 72303
40949 81371
71615 74904
28156 97896
56105 67777
85497 94704
55589 96035
81564 85431
9816 81463
63310 75491
18685 68350
71757 74836
2587 29140
74152 75229
27081 57809
55627 98748
41089 67209
77706 81210
53099 95635
401 58889
20716 34965
15156 65728
7378 98054
82026 89554
78441 89402
13972 67833
2094 52180
71919 93941
77613 94047
12469 27297
93038 94534
46796 51172
17885 74683
46424 81332
21245 72075
37057 93861
98110 99453
22420 73993
65711 73818
47651 77191
69218 72899
32834 80148
78517 90599
91698 95201
75072 94382
22705 70226
96075 99982
30434 51482
13970 22593
62904 76585
20444 52746
99687 99747
57940 86054
78755 99276
38735 79525
31218 49907
64712 87697
6539 89737
55848 61130
27126 47895
25975 41577
96439 96689
33116 72354
83708 93816
10386 37152
87601 94910
27207 45554
40633 92905
62316 86236
12566 64081
88560 92972
29587 86232
21265 83701
92366 97639
87346 97009
74629 91341
78645 94528
35302 85076
94928 98525
22983 86735
79360 80182
33224 83726
31534 62519
61422 65636
78882 83710
93052 93959
33592 61274
38589 95881
69410 73692
74703 75887
33868 35488
46318 95333
77960 82159
4859 68533
77458 99175
3422 75732
45147 96368
7160 46365
92943 94854
88806 96013
26924 83708
9922 12164
55156 62524
37970 76968
63635 81728
29197 68282
19213 89240
77010 79278
79643 83371
47275 86088
71277 93130
35878 48263
275 17901
70357 81140
11976 14522
97309 97988
49419 53479
39363 41339
57715 83779
98814 99464
11706 71884
29766 42321
69495 97453
22722 33470
75298 89038
50086 79643
9756 78016
97036 97112
9502 90579
14800 46091
48464 54457
46809 53562
87987 88415
34661 67662
354 43230
1318 22781
8894 37000
60170 95104
34078 72851
59527 67687
56955 92887
16416 83180
62544 87301
90919 92478
89525 90914
64805 65645
19057 29730
74233 97441
81622 82102
98519 99813
88256 89504
47135 75933
3826 6325
99316 99932
24571 94715
23920 74455
74337 92914
37652 76254
70097 99017
34387 44222
5985 90305
63462 82155
88693 91702
18650 29654
92452 97615
92734 97104
70376 74512
73491 93092
10439 69065
40811 56736
62810 83305
30559 55113
18995 86437
88894 91779
91327 95460
71660 89554
15820 40888
24633 75667
86415 92129
73373 84397
32201 49775
86621 94655
93927 96278
22878 51439
49151 75257
27224 98444
98069 98869
75542 76174
66417 74360
49594 88155
75347 75741
88783 90614
52692 73301
57032 59113
38393 85511
57969 92293
31966 69019
13794 46030
64685 85111
71331 94218
1450 62575
40967 84358
59801 77514
17485 93134
77811 86095
94950 99770
10786 75993
79317 90191
79778 87964
23264 65991
94365 99924
43975 84974
67947 68597
74733 81205
21471 64048
33995 59719
91177 98719
31277 38470
22720 29142
69510 77797
37900 68202
35761 63191
40094 99999
52059 66199
56490 74079
92944 93929
6626 49285
6775 8011
1256 50701
90410 97041
65442 92757
24107 43039
81608 90984
94773 97224
76521 77723
67523 77543
34219 41452
66255 91047
85739 86148
41916 71242
11471 22773
18392 20000
56895 71250
34887 67505
80223 86292
10360 62084
51333 88181
36384 79182
51078 82706
472 52664
85570 92232
77661 82125
93312 93381
83883 89806
70357 75047
5997 94620
32436 51835
27046 85246
94297 98358
75050 92981
84756 99487
91808 96003
66036 93293
77948 86083
16350 33137
47554 79683
67362 71932
76995 78768
68810 85826
63515 73639
93922 98869
93809 99861
68121 82026
13149 53390
8473 18394
28862 97841
63130 73801
45935 78734
98496 99968
65326 68486
79042 95786
23714 73686
8843 16994
77849 80194
10630 82109
17980 27587
34527 65628
63744 94281
83679 93570
91262 92487
24180 46714
71170 88665
76749 91693
30814 88162
67157 72937
99464 99468
2317 97046
38257 55542
62614 77993
61899 78205
7277 43557
36269 98741
25784 38692
65085 93150
48400 73645
71712 80720
70490 93290
29940 97731
10251 53980
44338 91268
46417 73908
60178 97875
54837 71268
64274 80103
83192 94312
14147 69610
85796 95565
29547 95132
15708 51436
73918 88893
49982 77578
50191 99129
26259 29019
5667 92560
73406 95139
39137 80484
34514 64966
75118 86323
85307 94161
81964 87914
33328 96765
31755 52297
19467 57707
10356 70148
45088 65061
47772 66242
21952 89580
36632 87867
9260 72529
67028 89676
90154 94347
28001 45506
36899 53379
49058 57270
74891 85596
15164 65280
20148 63109
14574 66180
10200 44650
78947 90226
23220 28782
1146 68140
3913 24720
616 80505
55060 58774
20182 55782
59094 67592
22677 91882
33682 78400
8589 66824
96701 98347
95408 99407
80224 97439
47142 50797
37899 96549
52256 70535
14917 94510
21315 29807
11588 17235
71804 90985
4622 91422
85951 90116
49129 84629
39275 50615
43461 83269
2654 38509
90601 96269
52590 72393
14837 74128
27617 29934
82133 94098
78251 88973
23837 44107
9042 32365
10314 27222
19524 50095
88197 91292
94779 94989
69180 86907
99512 99648
35258 49852
11428 17057
18285 56981
92771 94886
91166 94581
33028 74951
4115 31899
24975 62565
65319 88850
90686 90918
94227 96166
90451 97527
60393 71157
87457 88902
48344 64695
33376 34066
12223 97585
28014 66492
20532 45418
39142 47496
23970 68530
50546 68590
1643 23325
88360 97899
82195 98092
81048 92063
7832 67223
81856 82325
41643 96040
73046 84642
63462 65157
41566 76447
45364 78677
71249 82704
29664 65877
12875 78198
58570 94707
97859 99831
47066 55178
8803 67308
15751 34516
50018 93599
66161 89537
59042 85026
56533 74259
68763 99053
53690 54915
60928 81016
79125 94803
78277 83182
94842 96845
74548 78845
42722 72935
94055 98358
93676 97642
65443 92519
89111 93745
41387 72792
54716 96919
26078 34038
20758 57550
34181 91936
5844 67431
5350 53832
78709 81438
68686 89906
22356 64652
9488 67187
13334 61799
72981 93026
5138 32533
2061 41513
95816 99136
69202 87382
90996 99635
4399 7343
41982 93932
48391 99953
81174 93672
63791 66351
54628 83016
14197 61216
34429 80998
65204 85469
46758 47136
89314 92119
30353 82896
91194 97688
82695 84802
90027 96140
69832 76574
8019 27781
80234 92415
80120 84191
46079 76113
94220 94908
77779 81296
43598 75497
48771 52497
39299 97914
81580 93001
80341 94221
86264 93284
64240 74268
11314 57753
50 41908
99148 99925
69905 95817
15259 28512
50939 58220
94496 98450
43266 74109
66775 68660
90860 96534
75394 90362
3609 91094
98838 99816
75197 95675
93531 93686
55719 83432
76459 85766
96311 98267
30322 42670
4592 19275
73788 92182
9660 91014
72905 98383
79944 83728
95278 95531
64867 79094
1025 27700
18272 32831
9093 14280
13614 78082
9048 72370
75560 97879
70271 91405
23546 84170
19488 20913
93851 98421
516 87983
76867 83128
13667 33297
83596 83983
32863 82550
21219 68280
90151 94501
82718 85134
56466 93549
90259 98823
37482 44767
58741 94957
69483 95875
79059 96934
94781 94895
27949 47274
92097 93297
1226 83958
3636 31765
28693 47571
79740 96114
16671 71379
58637 95026
21456 75264
96927 99099
69784 88754
9747 24591
8879 81721
97236 97424
30413 85371
19354 56520
1408 69143
10129 99907
36707 37570
73534 99898
6294 12160
3291 39162
94835 95398
45248 63182
24442 61128
49365 64561
13502 52133
87879 98023
73358 90456
66597 94560
55288 81069
82754 88047
69617 91091
13659 42160
88005 94698
86522 89885
42836 72128
63683 92812
9375 93129
74215 95331
91931 92138
28341 89930
81595 93965
48353 62560
80403 86975
69382 77807
41731 52145
2992 12327
14742 97284
17314 90893
16357 97135
29381 71323
15380 36972
32184 88835
83407 91442
74390 93647
50130 91264
88991 97427
2483 79858
38860 50348
38114 85998
69393 94682
54161 85924
95459 98472
53103 82666
22435 89917
11817 40980
10003 76877
89501 91485
88912 96772
73274 90487
38160 42478
78297 92753
83096 89007
13679 26444
44345 59412
15744 90020
19910 57947
61040 80267
95704 96547
18892 99779
830 67894
49021 96105
42184 62762
73998 86451
51075 51822
44384 90142
76229 95204
43299 94084
36896 46310
51252 82948
47244 86176
79402 83671
32724 88895
45296 65121
88391 97783
90985 98292
27129 74941
94237 99225
90121 98783
5726 10956
73528 93668
98997 99852
47844 51264
7423 47638
58284 91747
29563 88081
4965 12766
86429 91262
64211 87984
13981 53348
71179 96163
93494 94346
76669 83740
66913 91947
19463 67046
93238 97001
61441 84226
60076 94826
65142 74670
3808 35642
61304 71648
3039 84596
78188 91944
13480 80809
16460 61241
67684 70252
43854 86614
79847 99216
48522 84618
9291 34547
96726 98252
61111 71516
2027 18431
42230 94043
38724 74332
56376 64774
5115 50974
87754 99984
42344 87530
1166 1993
10169 80351
84695 86631
11129 70388
28757 60664
3458 6849
49462 61027
7212 17925
45296 53970
48633 60915
91784 99673
72955 96388
55927 76711
48744 82903
1208 40851
8676 75521
30414 34174
18191 35750
57405 76180
23681 70570
9830 50709
14808 37981
7316 11348
74053 92392
17658 44504
71673 93247
11105 68378
89296 93593
7516 65911
77436 84080
5836 37971
7923 34350
12628 35013
59755 63379
61604 89795
58376 96645
5394 56609
66364 88833
39448 95003
32658 51060
84600 94932
96294 97680
48069 81166
45593 63069
13082 57466
95597 95789
92132 96351
3908 53425
16500 93737
11314 87650
40060 50724
35312 49554
39015 72203
76887 93220
30223 79802
42991 54620
55383 71619
82335 93396
62733 86308
33077 93315
31082 60752
36689 42092
52706 79041
60428 79265
89098 89676
19482 77769
14314 24835
46519 83936
51416 74564
13307 53477
55932 71999
39094 44170
84280 96427
4015 15662
28571 96505
36780 52170
58812 92956
78961 99874
80267 94167
83075 92130
41101 62005
62836 83945
33022 82027
53209 84031
99282 99971
13536 51606
58431 58469
14045 99637
30798 74851
92393 98745
34936 64291
60050 90872
52763 95920
12332 26653
49547 66831
41045 91650
65040 81450
72621 97478
45369 71314
96922 98822
49153 80155
83352 98230
95557 95903
34236 76993
54793 78328
13841 27128
75147 94308
46214 74073
79267 92880
32832 62171
86062 94306
31382 32267
19567 52633
83767 95175
85590 89325
45960 67930
3689 5573
74418 85895
49198 94935
76378 77607
66879 69449
69424 69545
20241 45096
33106 80083
88126 95705
75724 82988
13310 17360
94358 98157
48901 68611
54993 63559
50678 92713
24413 50788
46418 50392
60358 82706
19987 48949
6507 90071
12389 29899
41683 81905
62301 84991
46051 62498
77029 90822
85045 86689
17300 23155
50635 65118
63550 95701
28013 28316
94394 94797
21126 79212
15119 49752
7100 60497
91991 94372
