985
26356 50032
15212 41572
96248 97642
86683 98363
45406 91865
13925 32176
64916 80551
25917 51881
19172 63060
74615 81232
10951 85749
28113 93230
45529 46538
13659 22558
4385 39155
77561 80153
74677 88138
9312 33630
28209 33422
12992 47861
52298 73633
35097 89501
37807 95052
18878 94702
67014 97424
49615 76382
94682 96179
3263 18460
63692 80862
41687 92317
20522 40295
4493 34481
26018 75175
67153 94283
33869 83958
6151 48373
29162 99318
91010 91554
95943 97551
12845 93692
43686 96097
40988 95195
15339 21618
82958 93230
36579 96728
69034 92431
84037 93211
19306 65610
419 67713
11261 39925
82602 88490
68378 84009
70093 98431
19895 23330
43248 49947
4355 31120
62465 80583
2471 65556
53769 54360
34758 43526
56846 92569
50108 85624
56213 63758
81818 85414
46958 61621
61919 77960
77238 87524
22914 97669
66963 93481
43418 57770
91879 92683
48776 83496
88741 89371
93517 97240
17486 18249
35397 55042
8339 42677
18440 66407
13214 71515
22585 77159
62066 85350
13680 41334
51432 59526
81322 90185
72662 88102
15063 48926
5305 9619
95484 95494
16593 58294
9603 54873
22970 30722
40817 60611
39845 43518
76688 87281
20115 51416
82772 89294
6654 59938
92362 97989
96802 97941
3877 4945
85647 86593
36127 79402
36271 67522
96160 97653
52019 67114
2855 61622
40443 72932
95177 97276
24470 27537
72326 86387
97811 98816
55080 74992
72166 90019
83154 97443
57897 66095
50809 74501
99740 99880
45076 69176
31463 34680
84221 98100
4008 97817
51344 80007
16391 30607
15821 95698
60678 78530
60849 68583
47353 78551
78814 80163
89624 98338
40651 57602
6884 21154
5851 59186
3195 10725
61029 94236
41491 72742
72812 80463
95559 98292
14626 67102
71383 94839
65757 98903
353 21477
65210 85324
47128 71068
98101 98369
42106 80096
79167 91115
10803 66371
67266 76818
27586 68824
4922 36626
54398 66584
85716 85971
2967 40086
27402 53846
77095 90474
77720 98748
75261 82377
11251 43439
53683 83894
7921 36720
47679 81428
94180 95615
18751 92149
22655 65855
52463 75025
55669 71200
49379 80186
94095 95973
57132 67543
14646 56990
16320 32109
14838 27346
70870 99394
28863 96787
87275 99563
2669 84113
46060 46922
53567 64203
25039 37211
10493 48248
78379 87626
61346 87707
3677 6448
37729 98954
89406 97668
80650 87002
19898 60792
81098 89481
44382 96657
72099 90132
31606 69449
48354 80061
68466 81265
51763 91711
70741 73390
52784 55472
86045 86070
15404 80076
18604 25720
82999 94056
98549 99300
38769 99653
63270 95553
51709 91249
23667 89220
14351 68176
5420 13399
87783 98445
79129 97826
38679 93938
55717 66218
57399 64758
217 22111
25318 68667
24635 50253
69894 89522
7276 31388
19859 63664
29239 88420
4023 31573
78602 85350
42487 58640
57029 73642
24660 90954
5876 74330
36187 75661
53501 63912
48053 53454
85085 93872
48554 94736
69611 81344
61797 69867
24616 46850
81164 94626
41814 41928
87204 97070
63561 78472
16127 17094
40438 65369
38287 40958
22612 63048
90427 94392
98977 99097
53658 65899
90328 94853
26294 83028
65903 81184
93866 94277
34144 97727
30020 46481
84639 86924
66508 82545
85222 89676
30757 68769
52240 85443
91234 92660
23396 43750
1442 46765
38182 98327
72212 95608
77293 96149
94426 95247
83111 98610
34652 54972
21770 56454
66327 80996
59818 89239
68444 84361
9606 16451
39630 54937
20511 69333
86089 92577
25805 94225
18916 47293
87920 91823
19702 71817
13386 59324
8151 22213
40683 70293
38760 61198
84736 96800
25451 76287
17591 18420
32087 83693
89495 91646
96057 98947
63875 70848
67181 72782
78272 78545
56678 97639
92278 95109
26181 70310
88091 88125
83778 95398
23934 33275
86812 89080
90480 98013
75801 82962
80194 85036
41529 54807
76459 83926
91906 96653
89482 97229
55323 66902
36084 98992
60762 75312
9030 44241
35553 86863
81331 83239
57406 64463
16124 39867
90091 91312
43542 85056
65006 66506
72758 80014
69613 77562
63115 86937
48132 92146
45438 88609
57273 87981
64023 95815
42840 99732
4039 66780
32079 71928
89689 95144
42039 76431
42284 53343
47759 48992
8829 75395
83048 83715
48789 72235
1139 31668
90624 93511
54625 72458
2333 86269
55391 72680
25827 71599
71067 73204
64721 74098
86008 88661
54390 97874
68002 75888
23373 69906
93129 95915
2814 88745
59120 79493
84026 89433
1771 73452
6981 51940
13526 64637
7263 22283
30035 46808
66171 86739
27965 54935
18481 63030
31287 54101
86494 87761
50211 63351
30184 54105
98131 98526
59427 83879
75222 78582
58350 73169
3457 68339
26473 77063
54926 90066
68486 88577
98537 99141
30812 48265
55774 97260
24562 85095
24851 54144
13925 99991
89043 89520
7980 63287
52804 96997
52728 58151
13751 96416
10546 26366
7653 36742
7373 64580
89963 96437
94857 96166
51835 80269
58667 87176
65384 85730
59738 85935
18244 70743
75211 87760
93059 94741
49255 76531
45149 69792
2804 81191
68406 86226
59686 87781
12926 91618
50950 52988
21453 91194
18728 91596
68188 73454
51600 84861
59166 60733
97487 98322
6795 48036
4277 79269
69242 87671
725 27112
97159 99735
86229 98049
87 95464
91225 95312
95301 97456
76259 76462
10102 58856
98545 99703
20557 63209
29710 88766
89421 95510
936 14607
93943 97106
91488 95295
18801 19515
50300 66167
85213 88319
4484 48988
14714 55185
14852 56442
76646 82282
93272 97141
56393 70836
83280 96050
88785 99940
69162 70252
28430 90213
53313 88688
33433 49099
7364 63036
14566 35777
58896 72843
62793 97665
49775 89661
85507 85866
52927 55152
78384 88154
4699 75119
56330 83580
4109 8564
39055 78724
99110 99343
4090 70146
94021 95855
15772 30017
72388 86838
19523 35458
34238 55902
66492 87418
82586 95082
41002 56413
49903 80713
92931 99042
95046 95905
3491 83590
22416 66268
82729 83771
9731 94912
34254 99726
3746 87485
48401 52541
85995 97558
8094 11815
15599 15616
23298 39794
9301 64350
89533 97060
12061 62431
24763 87240
54418 63969
97695 98179
30404 62767
94550 96236
573 31132
66968 94790
6048 27634
74206 76983
77654 89272
6369 99596
47480 89828
92771 95746
91919 95704
38221 40329
78486 97382
94188 99787
41152 43603
77898 98280
24281 39021
89225 97543
40778 90708
60660 63985
12202 55511
77172 99112
16564 39430
1610 99282
49034 62605
84658 99124
49783 97816
36601 43572
77404 92038
65139 65769
2914 10231
38686 98209
62465 66406
76618 95579
71223 76808
27811 98273
21120 40149
43335 99132
33947 40602
42922 70649
6641 47515
42269 44755
89826 90889
40766 86745
11892 46298
96788 97476
14029 62133
63039 95416
8587 62649
73543 79200
3730 26365
6232 56512
64432 73463
18242 69218
8528 31626
42963 47235
7853 95834
34305 53126
44584 80422
46231 76518
98551 99991
65110 80698
4277 25979
6645 91208
59439 79653
54127 90341
38005 59270
66275 84026
37172 66340
74202 79227
71537 83057
316 29860
68928 99262
3830 83841
38792 58370
72740 79741
50184 54179
3502 81720
94498 94643
82500 85225
18653 95859
39781 67174
82370 88105
25658 86814
11101 45405
93643 95678
22199 38579
21800 74301
461 49311
55425 94758
79903 93688
73501 98851
22541 81183
41733 77254
62487 89698
33008 34948
33140 47313
81181 94486
4671 96831
98326 98567
90743 91546
23538 55071
99294 99728
5442 68262
60611 76708
99830 99854
91619 93142
6121 87520
44089 97800
90433 90608
43120 72375
27543 68691
54288 81166
52363 95487
16852 37499
57522 90386
98008 99060
13584 80071
83800 94701
90571 95765
92684 99584
13259 88627
38474 39412
72778 92068
92631 93110
37248 76331
63625 95476
45617 51428
96996 99498
40105 91985
38559 53399
65812 68805
41696 96228
64791 96114
86867 98156
44687 99628
39165 76129
32574 93265
68970 83034
3143 11264
38277 86195
420 26205
85167 85738
28468 35367
35489 66447
25442 93041
36405 36880
64387 98923
85138 94215
83339 88651
44590 69783
1764 5066
94330 95895
33440 48930
18727 74592
40790 52155
92178 94205
95400 95808
13596 58410
99180 99727
51062 94820
61139 68332
69304 71852
34443 84310
10308 41860
36874 55913
96025 97157
15503 60278
45044 68682
46557 91068
1658 67740
87582 92396
90045 96850
59027 61363
59957 77946
98300 99426
15493 65595
24916 99137
34191 95118
14814 61282
73645 82258
6673 94970
55966 91599
87057 89919
5120 14361
85144 97710
1569 37890
89555 91534
9849 19253
73865 91951
39290 63971
79362 87533
44540 78353
88753 88955
73882 74068
82529 96695
50897 96777
75664 96780
6025 39583
27548 75925
30370 39159
42878 47391
16271 88882
89076 94142
30142 99892
10152 46434
66560 89668
77513 85996
3983 8894
13679 70657
46859 73232
25500 85011
80477 88566
56999 95175
86500 94795
52140 93893
8840 94450
14515 22128
80897 97367
11488 55286
88223 92609
58053 86556
14218 37902
63401 66742
93184 99708
96487 96807
29925 55417
28432 53423
4729 87634
34024 96687
79308 86230
39427 63728
65074 92064
15981 54263
97966 98516
62661 89902
9222 27731
354 64361
39110 85487
85122 89500
83508 90223
56951 60108
26509 97421
33835 77425
86544 87474
86948 96204
18824 63292
40391 75761
70008 81898
56159 92273
5375 74900
634 24214
41934 56356
21607 48334
54677 56999
20156 71466
87595 99320
57045 82611
89934 94367
28719 66419
63313 98524
77435 77696
90585 91123
663 28456
57111 64507
77140 99681
55915 87685
12355 28135
80477 94851
49999 51216
41682 69292
48279 71151
61943 72869
13217 23514
53907 77351
34854 49245
78159 92305
43799 77135
95114 97208
48820 69209
51527 93943
45754 81465
90772 93772
74 81034
69868 75272
73248 86227
69887 83255
89604 99566
41933 92601
12368 16445
60344 98426
22599 36912
31641 80664
97417 99900
93815 98865
95736 97263
49992 75661
31722 41047
21254 70505
63815 66086
47943 69322
52422 73853
1404 40759
41922 92838
7140 19616
62011 90888
54338 83889
19009 81925
9425 58872
11469 71739
59281 95368
22984 91713
45959 58982
58256 81207
3138 16828
76179 91366
70974 81178
97938 99781
15342 66993
24683 50642
67089 88190
51045 94501
19553 21409
25587 96399
33557 94373
92677 95527
84968 90939
85280 97610
32349 73676
19872 68575
6517 56536
38050 61862
61473 99200
34133 55691
11320 43148
56310 79047
60556 83810
85030 94182
95388 97302
92178 94602
38365 39490
34298 92564
91781 99899
81333 90904
39423 61451
9147 76558
18685 48538
34819 47704
37815 94481
83654 98377
91578 92499
8324 17247
20274 60738
50279 85902
14949 62586
23470 31954
59933 69215
40467 66822
18239 86397
66901 79011
87186 91450
95676 95950
23490 30300
34139 81065
38110 45394
36062 67327
29173 51133
30635 80284
86585 90816
39778 83912
93585 94348
22079 48636
33135 86991
88465 94302
99549 99820
15431 53957
9347 77475
85597 97609
46931 90451
54068 65076
83117 99924
78333 88211
41565 60621
66511 73914
93700 99888
19841 23106
7274 49163
68989 98524
49698 81921
39232 67225
7910 13755
30914 70215
98254 98329
14574 64252
18034 27398
78237 84349
3222 89549
4291 60081
89992 91210
72870 88872
53338 77957
70389 74906
18920 98412
85153 86693
39686 58581
92305 94453
3883 32935
30566 79664
42194 68509
88618 99161
28825 93860
51884 52039
27624 54355
24500 80525
322 32265
43617 54859
79778 88884
65760 88652
70120 80549
28050 94147
34035 67832
61182 72986
5250 53353
30864 79761
51361 86879
37328 56408
16454 73664
88611 95055
82893 84775
91703 92290
25574 60913
93094 95245
40740 96781
18984 39304
62351 90163
25725 31520
38910 60044
37411 45337
66246 73260
341 71721
13005 79909
42288 60781
67530 96061
69401 79827
42942 82669
98553 98770
79229 84620
46823 48389
60879 80854
93252 99400
14420 72796
81165 89811
54386 83288
62813 82105
71244 92780
28689 64967
77533 85542
80712 83706
19785 67461
92990 93639
85509 90638
50777 96880
43553 96498
89706 95782
31217 73132
18675 78139
85915 88148
32460 90934
35391 38148
43104 98583
79449 83401
62797 66671
12275 97159
78650 92932
97377 99181
40289 52174
66651 92839
87353 94884
14456 74085
20020 98596
11872 29410
39698 80351
85172 85324
23819 45802
86258 93905
61689 89848
15822 68056
31846 75505
19133 36225
84386 87629
669 8898
51983 95698
88687 89562
65163 98548
23635 33034
22021 47942
32738 37077
65214 92956
51649 66828
44109 74419
21801 78350
40331 89146
39223 83691
33017 53051
700 29502
55271 94496
80660 81012
