989
40086 76592
98902 99703
47923 57821
8613 44988
63381 97473
20312 78298
16307 24016
4837 29659
45362 81022
11010 54218
88378 97352
99533 99911
22077 28810
23236 38882
62638 96994
85721 87392
84680 98544
47483 74385
49081 77107
6620 89201
52256 93978
65875 71485
24660 57594
16202 86419
3450 74525
39238 70971
12960 44051
96517 98123
15631 99847
94511 95947
5897 98373
21577 41184
80891 99010
39217 43072
87442 97507
89922 98667
64074 87616
6466 15352
49289 81146
40774 53355
79313 99475
59547 99351
92691 99271
86908 96999
55228 74325
90714 92687
32819 87421
77439 77562
7908 24011
25168 35199
27842 45085
3020 24004
47005 66228
86806 98661
34489 77714
29715 56917
3612 73218
65231 77950
51596 86761
76547 90230
76588 78724
33426 50422
62170 76406
61351 84444
22524 90519
39660 72045
43392 88907
98065 98094
88225 94636
96592 97729
49592 98611
83342 87639
11023 30154
72424 72970
97571 99542
47405 78666
29755 45986
87650 98695
91412 95203
45481 84376
35951 89169
10413 46110
36608 51414
83707 95054
52538 64027
7494 85910
83750 95294
26640 93850
51940 53131
33075 34978
64090 64224
80453 85790
58327 94340
43032 98253
94611 99162
58228 85466
57196 87140
13276 48763
86235 94765
68845 89740
59815 96965
66952 80834
86222 89827
67421 78538
90454 96194
57192 93298
24204 64066
16871 84927
42572 60094
99630 99982
39596 43332
53218 98069
7393 63492
26606 92176
67373 96942
20691 65956
48595 50435
1763 74782
9316 39738
33463 36280
23299 31021
46983 62467
74160 82099
88261 89105
84544 96518
55179 87490
11376 47517
60933 75980
12634 21593
48136 92765
32737 74140
21969 39216
34119 34390
54896 72317
35024 48516
89113 97533
1437 51372
17120 62132
16838 45485
36631 84327
45423 55235
57764 76034
54979 99065
96361 97542
41330 94151
87160 94581
74381 78386
85804 91818
34865 92181
56967 71008
80695 90836
65496 81772
98152 98272
84132 95015
98642 99885
91789 95662
90174 95840
10243 54809
67378 97101
64242 88778
26868 59336
88662 95972
41930 67306
76377 81180
45804 84892
50566 55023
64761 89103
11309 47678
65246 83745
15832 26530
66792 81306
33921 58613
57083 60944
19934 58955
93719 99036
66314 86334
47876 50963
70812 89933
98428 99844
69545 72268
76115 97867
83575 94087
47738 81498
35645 50182
82513 97846
58131 75125
69300 77644
19961 43900
55656 70918
81175 92472
93807 98059
25671 26398
63866 96260
59376 79608
35556 82271
49535 96632
50906 62499
57573 79094
33732 44719
58479 60011
91803 99090
43374 78974
61816 95590
60460 95193
18 22462
3730 21087
19249 65625
72208 72646
13496 34302
32058 85396
77757 85407
63070 67567
97482 98461
85770 85824
61785 70595
95121 99936
43995 83956
51540 83945
51301 86803
80464 95642
10883 36618
34715 98934
99076 99606
27976 32596
86732 96000
26177 73855
1831 56048
76766 86864
24697 82309
47397 49578
96424 99121
4930 13733
47113 50397
84683 96746
70159 80476
5391 48941
54055 89863
61065 84916
24535 25582
61799 92910
56059 89312
42626 87799
40366 81898
5423 26743
61572 95674
49324 85767
12135 49498
40436 57610
61714 96624
11068 33783
17321 28645
74499 89201
71200 81352
52664 95823
3264 30337
74941 85773
13455 22694
13936 49786
49476 92368
79705 83676
88058 88651
49817 60679
48893 65130
88690 99435
15448 16127
3230 14404
44601 91647
71332 93267
68888 70588
2365 30565
35497 53689
59960 79063
33675 43796
24448 53009
58509 76457
78355 98227
18863 94392
59234 66215
5071 10942
94062 96632
44395 77593
28849 46723
53931 79725
6473 42197
53998 62562
26391 85870
20408 60045
12587 19475
96837 97920
65906 68343
35234 70528
2066 88663
98337 99868
10131 77520
96957 98935
29324 34080
72859 88693
24288 88665
64586 84648
32556 44878
78503 91524
26850 83551
8907 69377
8488 78722
95547 96259
62645 88677
71740 77753
52102 72414
96465 99514
86220 91257
94353 97846
48820 89018
31783 97305
48621 71398
22736 92725
4739 72607
48821 69822
77232 82562
5492 16071
39969 54657
49601 82990
16770 29747
18685 61717
28864 80840
16190 81070
80115 99690
51858 52954
34389 35744
45552 60266
23454 34868
26492 27498
17462 70731
32777 86190
77939 78589
65848 84022
50099 97868
11754 21438
47606 63362
16751 71036
47239 91320
92090 98965
85990 92428
30245 88199
84570 96625
88299 89762
51075 58191
66518 78715
88200 96276
26286 64314
75071 90849
82248 91948
55686 96626
56722 74495
19031 70576
87002 92631
31340 45915
89843 96724
29504 80106
14676 38708
36822 88138
9665 97725
39509 39993
88723 89014
22944 60120
83482 90261
16913 47948
39396 74073
85315 91388
12375 81416
55491 75920
56439 66837
14590 83961
5369 84431
21281 81324
86789 97613
25207 95933
1480 69001
85202 85301
11403 53836
18804 24713
10960 77699
55641 74913
95881 97060
44855 60728
44169 68489
28947 62559
74405 81259
15622 45126
65316 92430
76385 90441
19489 72330
41758 65306
18120 64915
37313 53199
68651 73797
41261 72298
51820 92920
76954 89641
88262 92629
58201 67659
96998 98721
48621 87835
36437 44845
29947 39009
37638 95100
26929 29892
66786 95795
11928 37418
98968 99397
56879 69352
1468 13375
58203 71657
31994 91766
80267 88188
21857 33509
30834 76585
9582 57027
80839 81140
90534 95232
22894 95749
60035 91900
6440 58705
43046 62105
68485 74724
94207 94810
33762 40877
78516 97551
99008 99585
74411 97717
94568 99672
11037 73761
1907 29090
7694 88669
28174 92795
13073 82303
52272 92246
70456 85794
42293 70216
78963 92172
83817 98996
86785 99482
86 69595
38304 93143
49753 52273
45253 84160
2448 81245
10312 56620
67673 72661
30979 42196
54753 88683
81552 87812
42060 74288
41513 84266
17381 54125
98768 99981
71564 82625
85471 91984
92122 96612
12554 26127
89528 91266
33004 96279
44613 82229
14141 19743
29259 96162
45965 77447
37724 80903
65577 72764
78377 79162
27493 84723
74726 84756
7972 77797
34498 37049
95121 96003
83687 86579
1299 87285
20652 35475
39888 95188
16509 18095
94402 99892
48942 51592
45103 85156
23015 83994
84250 93975
72325 85509
39818 91976
70998 78751
71326 73636
95629 97571
40252 89158
37465 98080
47410 78557
87576 98753
37403 71513
40675 67219
809 53407
36799 73244
57251 59247
20261 51197
95920 98078
53969 98566
85665 97509
42569 97015
91774 92488
20173 76952
32581 93917
6558 74979
34959 75621
189 13825
22799 71475
14591 28419
85240 91625
42935 93298
94800 98079
60236 66058
97328 97750
69122 78210
60036 71706
80118 92662
5231 12803
47050 55623
53266 79412
53229 92133
60285 68398
30374 83161
53158 82238
1300 58774
58207 77379
97069 97673
14792 51034
86188 87435
2138 97533
98319 99052
12339 26905
38639 83773
49283 82853
64080 67129
65199 99314
56594 77497
82079 93459
88263 98170
40034 48839
48187 71654
16864 80585
64437 78165
54717 80930
14710 83778
51819 84452
71787 82085
64830 86643
49354 65043
71106 97668
88741 94459
14671 58694
31640 45795
614 97247
74503 74913
40862 64574
63968 76585
19109 86627
83096 86840
72190 76457
5153 19862
28470 33841
84807 89422
20643 62130
65493 91015
77432 88437
60989 81834
88462 91362
88665 93553
90597 92235
1882 9561
16811 26903
5439 9419
64723 76575
86016 97923
35276 98166
94140 97383
37163 75327
83864 95458
61903 62151
76070 89871
45849 96895
38035 82655
45748 88486
9889 90002
25713 63385
22512 26389
23402 58722
41885 82023
71418 72766
98889 99830
89396 96834
7977 73509
78215 79356
79485 94782
46998 51847
98199 99167
66386 70088
39325 50056
96488 99928
72508 76867
69950 91669
51417 72143
76742 83123
31177 74340
41643 96494
91401 91561
85718 93129
35248 49904
38373 38376
65116 78694
90666 97478
72939 98363
43119 85636
85186 89193
4092 85376
26922 80010
51712 55025
60000 87949
90115 95181
51980 54718
10707 67413
61015 72368
50125 77299
99340 99410
13087 45081
81432 91228
39485 68273
5026 63281
74165 86903
78257 84992
75071 80483
93590 97468
72167 88453
56795 62084
47404 49186
64416 86014
37122 47393
34004 39232
43958 99499
96692 99901
17886 18901
90436 99828
32335 46114
86142 99037
68168 94317
27923 28121
64778 90690
28981 86566
73476 77638
49729 82272
60085 78966
89652 93727
59087 76228
3208 53613
35567 90966
438 42413
85003 99208
95007 98956
3489 35188
74515 79010
47303 55150
20004 78190
5321 82298
83841 90375
57417 87753
98534 99941
9050 77514
61852 85048
43247 52934
37263 69668
45103 91334
10002 38670
35675 40188
66733 86762
5942 11114
29306 52593
90464 99412
50508 99295
10154 36382
81897 94289
69704 87913
52499 69190
62791 90928
67296 84758
34896 97796
70704 87367
5943 18903
55443 92023
28851 32671
20573 99021
62429 72822
8331 71420
43561 76998
53495 70810
17084 34932
83903 94153
41158 52657
80371 96069
73174 95901
57615 60372
31051 32288
22347 90295
70838 73160
51967 94977
46340 90975
96476 98381
50437 91558
79185 86145
38631 98167
50483 76389
6355 89153
9855 61492
1182 96822
41978 63307
8380 13842
65077 67273
48074 73922
61122 94570
66404 75698
93285 99322
56711 56939
14747 88008
29058 36713
69965 93351
12985 34763
75456 93893
49282 62171
38359 50305
53463 70138
94397 98395
47732 58689
23921 75419
10996 60446
98395 99602
70232 99408
91332 91726
52207 69782
57159 62959
68922 78019
27510 64198
71221 90240
68819 93430
41001 58450
8080 21503
41895 95360
37385 61865
97546 98338
62727 73473
65614 83324
22553 81096
84830 86709
14765 74600
10453 65622
62817 75237
21250 56317
64063 92845
40392 87821
96063 96401
58320 99298
9458 28848
68737 91894
88301 89790
48806 53921
44788 74968
44892 57111
32168 37918
54165 94995
83414 87514
98049 98587
55688 82180
68050 90494
37451 40645
91338 94148
20361 37807
36338 42846
87667 91967
34767 34944
73401 83687
68515 69896
57328 98643
78963 91709
14325 72931
70333 82734
4057 43096
27717 82659
14197 75252
7710 37888
74120 74221
30398 95908
9465 80790
75682 84637
13775 85836
83536 96016
71626 88842
8821 52842
89691 98511
89703 94918
9296 76045
66611 83276
74964 76587
34262 83053
78746 93518
64701 80743
98503 99201
80195 92788
13563 31330
44036 97536
69823 79172
48874 59288
86635 95876
57472 97457
88368 93841
81385 81612
69832 97126
58412 59563
58228 94237
27169 99468
12289 74713
17040 68998
82409 90537
36066 93763
31343 89804
90414 94977
86009 97940
49963 97928
79648 96503
6959 71976
90999 92212
58806 85027
40362 68458
14621 88413
44802 62738
92648 96470
15116 42218
80780 98191
58563 62940
97714 98178
8545 63254
34440 72580
34978 53896
14732 37594
29634 95960
24166 55159
85300 98239
26558 40493
12766 70008
70827 83955
40564 96873
35819 57814
2106 6628
60322 89215
40569 98789
20599 23193
75029 90504
62144 73771
96413 98104
62294 87646
45870 98179
54110 99982
4220 86333
78567 79130
72955 82294
4091 93123
31736 70889
79166 89961
51168 80321
27245 37153
22282 35069
59896 98684
55975 90990
78547 93872
97980 99717
56307 74971
97682 99403
66114 75670
89125 98455
72103 91917
55671 56185
52014 79425
88292 98500
89630 99445
1735 47964
91567 99023
48660 99239
89114 92274
66970 82831
68683 78110
98723 99739
16954 67484
60234 89644
21165 43731
48609 84233
76215 92975
80796 82114
38795 60131
39589 81242
89155 90575
93170 94347
47922 83913
1250 73150
47617 85036
55343 58078
72232 86399
42603 56713
53549 72781
1472 66807
27201 28404
12084 57597
2346 73814
29018 32064
83572 99627
43774 51915
86656 91758
20267 43651
41286 86043
37181 83935
76504 89926
13211 21065
20721 43761
78054 82010
85947 93610
59738 91331
42288 55540
48238 86475
32627 57740
33773 45084
4685 26413
10252 26082
50733 83892
88370 89996
95379 97043
9659 28791
68097 76207
66389 94905
56519 73573
42996 47321
91623 95960
62912 78753
84140 98727
55052 60646
86636 90891
78576 91376
75513 90220
16037 99419
87849 87911
93894 94211
17730 34147
70183 89366
65852 73730
207 46369
78883 99353
58183 88599
51283 71582
36967 38329
69074 77656
71651 95421
83952 93473
91602 92223
78009 98517
55665 72611
54550 76201
89 48812
87434 96274
56543 85373
62298 98312
13836 28668
91068 91269
82592 93973
82402 87293
34113 62676
95414 97234
42184 52676
79937 89553
88592 97824
58796 66346
29894 84051
42104 55288
71170 81431
71320 79244
33378 40335
58703 80334
57440 57823
65639 94324
41857 95449
42827 54434
28258 40946
44072 95753
