931
6682 85389
16743 49503
31575 45797
16524 22275
84458 92840
97515 98565
70728 89809
75512 97450
4224 56934
7300 45912
44183 60147
65741 81456
19679 86243
11932 18204
58673 98021
96931 99814
95900 98713
96979 99205
49868 66163
13904 49514
9814 65449
77305 96966
13862 42772
62948 88128
75814 79979
13354 82524
85716 95140
88344 98736
44529 71806
89091 93764
42424 45293
21624 60911
8736 9673
14429 56413
11771 76940
97273 99843
33448 75775
40355 74827
97156 98604
98561 99647
13697 35947
60585 77922
75105 86785
18322 23034
74185 95937
32220 34658
94488 98725
2732 81314
55995 87274
36683 72029
19222 27948
52980 74859
47569 94392
94726 98170
2378 45856
28474 59291
36581 93734
94428 96565
61499 75177
76452 85559
70283 96528
4561 92392
72384 97302
92974 95378
90984 97634
77912 96126
45880 92730
22258 24900
10413 10531
66418 84954
56760 58172
60516 92415
56481 84124
69210 75789
92363 92431
23036 30141
43490 93751
26031 42887
10213 55191
97117 99165
17626 22400
21303 39485
18935 24135
77615 98452
4797 77878
25721 56120
17992 93839
47239 53731
51015 53207
17494 59139
24755 82569
42405 45312
79775 94560
84657 92285
95797 98780
57612 75674
35141 70006
72020 76903
4571 59572
31285 61695
6398 68422
45582 72324
46576 64727
22043 88815
830 67841
84445 86269
38524 38887
46347 99768
6531 88447
17424 57513
72355 84398
13560 72936
18460 50041
24274 67764
41452 66233
92161 93241
37926 63689
1903 14368
44454 63119
40599 83611
94381 94487
2295 95263
48372 90883
36483 90838
70721 92382
19541 62702
68482 89572
93182 95388
8140 49112
91188 97572
57786 95389
58038 65519
42642 53184
3949 45712
93695 97519
77926 95480
2904 7136
41292 94411
89606 92402
59396 69155
42508 99131
48515 76797
65850 74487
31606 55506
50965 68950
42512 46425
41024 65158
93240 97925
47907 59210
82291 95727
55003 55715
5685 95568
76992 80161
73063 82662
27274 63042
3492 91148
672 55230
50529 77070
40193 82830
3226 37612
86013 86316
74984 98144
89764 95839
22798 70159
57693 99913
52057 52805
80357 94027
57876 76583
26637 89922
75657 76671
734 66020
62499 97099
37887 90533
58612 61062
75622 99524
6452 64696
53263 55257
49333 80070
48498 73003
62187 87970
63140 96253
16093 51061
59096 77235
90096 99788
42039 84493
84392 98493
10835 81060
80686 89443
79966 92167
41139 97533
11400 43064
92776 95228
58739 59491
51335 57789
60089 63185
64733 65661
87065 94601
92065 99161
50098 65306
21694 60913
87343 95594
85227 93764
54512 91201
34811 84336
51460 75245
4712 80894
12309 83399
40764 75469
92751 99705
57581 61795
49306 97783
421 92298
33234 83004
26591 88092
60036 80142
32445 33328
15599 73083
32293 43795
5332 43629
8956 19263
57313 77283
59164 66437
26210 42979
6510 68708
93379 99996
70867 91106
74206 90939
25871 92079
62242 67057
3601 30616
70364 83033
74484 89505
71550 90142
52670 98545
62493 92533
26743 83853
10428 82366
55011 80756
7424 96079
25466 32038
63750 92052
77827 78983
56376 70127
70343 99059
22083 63270
38014 99500
32823 53520
6152 84067
1743 49807
48455 90558
37037 78170
52963 76311
59747 95378
91855 93592
37045 73572
61359 97327
60830 65668
51536 55701
53858 90962
44659 95283
53214 80473
71280 82351
54935 64086
89321 93542
56656 70924
35613 76020
48802 52943
15288 39326
99995 99996
32197 48282
65900 86704
30147 48261
85816 97890
86662 89129
47606 49530
79192 92667
73750 84058
95097 98775
31730 48165
56419 83746
47900 52152
97816 99965
2747 83327
2149 84314
93439 93640
50012 84755
50274 60687
81487 84806
46556 56625
83360 89968
92165 98600
24076 61382
95346 97522
73990 78777
28151 43890
52805 77727
37457 71682
37521 78617
14512 96457
69573 99530
36783 56172
58763 62454
75822 92125
41803 69124
84800 91629
31561 37329
94998 98329
53818 67351
9597 86987
27336 64882
95612 95840
58392 71354
23121 96234
12348 28355
15171 57020
22633 75238
35766 68445
79313 90229
42720 47448
76467 97439
90381 93354
1118 14955
85482 88276
20896 38169
8360 40808
92713 93680
26034 57218
17465 38877
48372 79707
16536 99992
11871 23305
7869 76206
78549 91869
47826 52789
6242 51519
82713 92703
15983 51927
98523 98536
76700 83285
65250 96244
13156 44301
88275 89657
9949 45396
91080 96304
52280 70086
42551 98187
42519 46237
27856 55492
11987 38026
7845 32394
48961 78740
60941 90080
66156 77883
49510 54474
40794 93002
34079 50239
78222 78693
46685 55340
68704 86865
79319 82907
20969 70476
86872 90411
41112 56716
12617 28471
35171 63908
26744 95472
2980 79559
88245 90915
90854 96512
58412 88133
31914 55637
98807 99772
33708 43074
68124 69866
23262 93973
53257 70199
24234 88036
87270 88807
11362 34813
1359 8990
97746 99766
59754 84295
3411 10431
71216 91509
16765 68075
46187 46617
55080 82799
49724 76954
29418 91725
47419 91861
49881 69633
21943 99604
31933 46947
64414 86124
64320 99691
40937 55343
51113 83617
46011 53481
83371 94151
71504 92204
12293 88753
80769 89638
34539 50297
35691 64475
61408 80494
46312 71525
8109 30914
10721 64432
96723 97810
4977 91630
72456 80020
72867 89691
26489 99119
30747 63627
92157 99712
51793 61023
37232 93981
39198 67430
9258 64847
70067 87926
37596 88863
42438 56818
40707 99988
75748 80694
55601 93186
33493 75142
74843 97511
10688 68129
34530 94565
98743 98921
86712 92516
53170 98239
81950 87017
45339 49285
51477 70487
108 76997
36952 55072
93289 94813
71059 77530
48818 72817
91551 98359
64541 66176
48345 64609
55900 80768
6574 48722
92830 92830
92869 93583
49524 62573
58643 97229
79920 85088
86473 87923
13625 97172
2272 28943
51337 79778
49312 77915
88002 97841
40044 72559
16911 77457
5745 59321
36189 91299
6847 96236
37624 56477
78113 81784
93825 95764
31510 76365
8245 90800
39649 50818
4209 36156
56483 57799
33293 85569
8813 12240
85605 88264
30245 76194
57113 62637
17104 81684
80355 81822
65761 83585
49193 54490
70597 95907
18853 48387
89339 95548
28248 53815
86922 91666
99065 99434
40431 98462
94807 97042
61329 73335
18892 60368
41509 80073
87681 89826
26366 94773
2524 61084
23587 59488
28817 88178
52773 59785
57060 71449
59623 98879
39645 69419
5859 50201
60642 72907
75850 89184
46521 79614
81035 86410
5016 65807
95309 99226
82317 90503
4469 44273
5099 35303
14514 72126
54186 84447
39250 44706
45488 73108
78638 85275
58112 70560
23903 98794
90709 93445
70908 84616
82933 91187
28473 34555
79747 96614
78281 78620
60805 74075
69180 83813
57245 82495
56841 59976
78996 79963
69924 98095
94746 98413
267 27821
57105 76385
12572 84351
20648 27673
48748 64245
64942 83054
88261 88836
17713 41027
19085 91435
74118 81842
37290 75590
28965 59203
49072 82021
72328 90269
56483 91380
27666 67786
12586 79699
75049 81918
75466 89690
31644 89758
93671 97903
35829 41576
22996 84349
25081 43218
38824 58554
46481 68959
14325 37813
40071 62679
61650 98711
60679 73415
98280 99203
75625 77421
71646 76355
68302 86136
56276 79518
39437 46326
92005 95166
28768 83434
50219 68285
81877 94128
45463 61592
5487 91395
49741 62041
239 62555
66654 94553
79067 82375
73332 77232
55039 88651
1192 84564
21302 65966
28196 54218
75872 93569
65631 69721
78367 81217
12220 50883
52747 55287
14266 21875
15025 93408
75790 76958
64745 99619
70690 95060
65138 83829
73645 94682
86069 96759
4894 70546
27919 60346
79016 81002
52258 89516
48401 49973
72670 90156
78443 85572
51548 53319
54875 74855
91167 95355
82726 94357
42772 86666
94115 98404
18236 56110
56033 74981
59611 79929
37607 84519
23877 85501
22663 81653
40731 77558
29990 55682
73818 77392
59846 90009
80292 93930
95569 97602
51128 55788
81658 87199
54466 90738
54440 74010
56602 95262
2737 65594
32136 94923
80315 90538
15984 55599
7928 55177
32345 70659
77946 85157
11498 12940
93406 96764
94317 99854
85704 91807
2374 98848
94080 98643
15152 98309
86435 95250
90403 96244
78157 84785
29798 96740
38186 66432
60674 91533
5786 95497
16051 19097
77667 82742
7289 63629
96561 99300
93482 94339
70398 83791
22824 55243
5222 40584
58542 84577
41310 79594
75834 85262
2563 5917
16386 68702
18914 66412
15693 84457
47259 91339
88267 93747
96637 97283
90140 92310
59744 76587
63244 66167
26658 96659
72591 74240
52705 76424
83980 98836
17610 50625
88515 95091
50286 62924
67899 94574
37470 42851
77448 91084
74459 76573
17674 95882
74351 86257
62895 68938
28298 81278
86504 92392
85581 96964
31611 89683
41585 90174
65002 85641
14837 15434
56150 77255
41847 73590
79674 96868
16751 80461
74688 78282
68091 95351
85210 87308
82521 99925
11051 61834
64371 91137
43798 64006
72480 78517
53754 90303
86899 99249
12132 97509
5601 28009
43380 73317
64700 73924
74045 87327
94203 99107
67595 86396
34765 74379
93210 98324
51967 73483
61524 95991
8860 94457
11394 27788
57765 67975
53030 60565
53338 74389
9842 80622
34234 46896
13409 86720
66119 68040
5582 98712
42026 97759
15205 37801
65225 91234
33059 87906
94192 96494
93403 96551
21360 43773
43372 54715
64152 98660
31783 48101
74951 91586
89766 98824
87990 93821
55654 84814
81648 83972
9460 59831
25296 78046
27641 64282
76477 93134
30285 98286
94959 97660
61105 71697
4484 27492
47365 52289
71454 78805
24775 25578
82579 85579
9193 70557
97366 97625
88622 93702
56429 72710
72032 85055
43851 79710
51946 68178
47063 93111
11796 77327
80888 87260
33447 61549
61669 89692
68484 84419
72926 76651
96174 98975
89121 98805
2177 58813
45366 75470
7286 75596
94684 97578
38205 55363
34435 87251
74555 74602
41331 44012
75512 75645
52184 81281
99041 99685
56941 66692
9188 76089
89404 98281
41398 73020
13761 99978
49059 65496
45129 50437
77451 93999
28207 78352
46230 90171
73198 76744
71962 85878
27375 71369
24756 40918
47776 89509
20651 34445
74690 85900
41403 55365
21682 69711
41666 70116
64173 87132
28424 77890
61556 78026
71128 93948
96821 99785
68200 86256
45311 96369
23152 73012
65274 92528
16124 35850
66373 83406
31951 53767
30756 70453
76753 98649
45156 95635
94944 95154
15922 40241
47769 98509
62607 90823
17357 58999
22238 94364
99352 99425
17335 61108
82024 88612
89252 91541
62899 84685
43079 46360
29850 78296
7033 81163
28856 41221
88338 88347
27920 29250
80242 99575
58430 86853
74934 82162
12764 32016
86650 86693
68611 93001
81834 86567
72698 74660
32284 96215
48756 73601
43409 84652
84666 88737
30125 33614
68959 98185
35468 74563
46294 69214
52905 77620
88031 98145
90641 99154
89067 89650
43311 87806
58144 99958
76302 85105
9003 49461
18717 76955
33778 89104
56564 77695
40788 58503
9656 35533
57435 91113
85003 94374
76725 94519
26813 82475
34180 91428
73502 77326
1844 24382
19950 89628
54529 81459
40590 42883
5698 11608
43038 95194
21637 73103
74968 95633
29667 90449
95568 98353
46220 73618
40752 66718
87429 90441
62871 91058
73509 76521
99151 99263
60456 97576
58304 79828
78482 81558
62762 91826
72190 82488
3082 62185
18171 56278
94000 95037
64635 93594
82706 84450
22679 92791
17874 68608
82563 98494
27695 45719
43646 53867
25025 91731
44193 72640
75400 88272
35472 94547
1429 22462
9347 71905
70120 80228
41196 70036
29641 99815
40650 90586
24219 32054
2824 4324
13327 87031
25517 47383
92073 96393
65675 90600
38609 38649
29837 98106
23933 30874
52786 72717
40652 94178
46781 63821
13079 58256
49345 77213
25690 67870
51511 69789
64692 65775
20327 33930
49613 62971
91422 93548
80543 84559
86232 99817
46072 87388
21843 60727
6203 58124
79239 86117
93811 99852
1258 99148
82724 99968
