833
29142 78216
63289 93091
44627 81179
65236 98619
74595 88859
4586 82208
53677 92701
12515 82364
53978 77950
88306 98017
20084 95259
77243 95649
15383 99592
38036 96488
51434 69822
23185 58116
8081 30997
29352 58740
38800 93885
79544 96112
24906 26702
55679 82293
20952 75519
26696 49963
22572 74435
34845 56399
63615 73078
38079 40834
61144 70665
41207 59320
36446 45500
99655 99977
94589 97346
23525 87848
11908 73877
61248 92250
78188 94376
78833 90739
57040 81264
67890 82111
12321 92921
40240 86428
49785 51671
91566 91747
87276 91197
14474 94319
69257 95143
41936 88408
44066 49642
82883 86168
41069 88070
43447 86433
71167 78077
4137 10288
34901 90955
35934 51611
54550 80550
90552 90883
85435 93699
35865 59472
28797 91992
79812 98823
20483 83784
77700 89662
16981 22652
23817 89008
36689 65028
13600 72263
32582 52238
4006 38311
92698 96551
15922 97548
78654 96822
66763 80238
77468 85372
72647 89896
4627 40438
77943 78214
15076 87367
66301 83203
55684 63501
33642 76127
37910 71634
70495 94789
86024 95429
24757 63089
79928 83630
26745 98911
4134 24541
67526 69959
2030 69639
57263 83834
13983 82884
73859 91735
25633 47986
39939 54642
2658 11925
63380 66172
35801 39793
21244 86513
21508 69838
40632 47098
86037 96150
42249 81310
23796 73514
86035 89524
48599 89588
89132 99503
87691 89144
61326 98360
17351 65955
80654 95562
36504 60591
39139 67248
10093 59469
16981 66698
49956 91391
16799 36275
52184 96425
4390 39279
23240 88000
84894 99074
9673 64992
31453 78942
10108 81358
41037 79385
98985 99229
66307 74918
61270 63860
15458 83891
29741 31735
8099 54835
55160 62747
17220 21993
38206 42897
17694 34301
32144 73520
76276 99992
35258 71473
39852 78480
33891 40938
45525 63077
46803 84065
57109 60040
82198 84779
90166 94010
59060 84186
34169 88568
73703 97783
42691 55223
51656 65254
83658 94487
6883 48466
49896 81494
40797 87104
38223 55819
63133 93794
14584 84303
24956 47637
55443 85398
95808 99828
99208 99377
88628 92112
20947 39378
14917 62495
38986 50343
90355 95555
4121 82332
41730 96200
28772 41854
46333 94263
86067 92305
72283 83657
75654 93628
75033 87081
35910 65520
28667 54410
48364 87021
30289 63250
53030 57101
62357 74808
799 50453
49179 88299
27097 83546
12090 79297
7156 69941
17796 28960
93236 96860
94790 95485
33730 80498
1018 44573
8367 63608
13487 39963
93227 99705
15265 86071
85827 95230
61964 77390
22706 51534
43513 72906
40013 45406
70987 74119
14635 59924
40708 92030
54663 67490
7269 22987
97197 97717
55316 56115
63270 72499
39715 80219
21950 44139
49705 93769
76307 82134
39628 56284
89436 89643
44724 55909
30714 47535
22071 63531
41079 99388
72517 79468
87456 98878
60800 75213
2884 27182
65995 78652
81291 98884
73161 81214
57347 87399
72426 81935
98341 99154
40053 48643
79763 82203
5390 50118
80018 83016
41871 80073
1156 61061
55137 90926
88229 90964
24788 68685
37925 45810
60120 92925
96040 97584
89529 90193
41822 95596
51647 91533
4399 5312
93783 97399
4509 72554
94655 97045
38539 86867
63990 83707
27835 57873
25316 38636
74340 79629
49868 71679
42142 85158
75497 98341
52499 85633
76628 83677
62256 62808
25885 60240
60750 85872
98896 99367
10149 49910
6781 40121
33021 33661
62324 86920
52678 86859
91811 94367
23131 72340
89092 89933
64127 91467
48011 78931
49636 97371
97187 97200
11565 46306
44164 50496
36544 44209
84388 85297
77866 97901
15212 98652
89189 91839
34881 43754
87439 93250
2350 99823
80591 81668
74906 94025
62260 87859
22603 88715
49 29157
30865 76413
17517 80910
98721 99066
32860 88773
64640 71471
25170 71158
25244 67443
47910 96358
987 85301
12220 19849
73568 88559
9030 89004
5125 96997
898 23809
1606 78203
80831 93522
97411 98786
3354 96095
24798 90469
20388 21162
92086 96619
54648 66014
67000 93114
55869 69458
41140 93225
37321 83599
96742 99093
59048 67241
72013 87025
96341 96956
41688 76789
70206 94112
26059 72624
15882 46041
50588 51728
64473 71811
39426 59020
96301 96732
42304 78302
23748 93832
80314 97480
60044 72513
5466 12044
5846 19393
56723 98170
86137 88726
93517 96593
94166 99519
62592 73813
53540 90693
36300 84591
73790 89784
47970 94861
68366 86553
36209 57325
45289 84572
94479 95612
19467 67183
65933 96320
1454 66431
41341 44422
48735 57326
16777 51149
2078 18938
43930 51283
81500 99239
91030 96453
73733 87577
33370 66103
79548 86185
79740 91234
79944 99532
92700 96011
86950 99593
3958 47752
18054 21065
29101 53159
59480 91143
16676 85519
21154 56235
67979 71340
31247 53868
2246 49628
96411 99102
78453 93278
25227 75951
11319 24092
21655 95975
83754 98329
42805 52507
52003 56792
52931 88505
51621 99467
15446 80833
15701 50438
20828 59766
61409 82773
47116 83731
92144 99201
24130 28583
79879 86766
36181 96742
68573 71057
96573 98772
47326 99991
6379 97756
33468 34841
60232 68535
26279 88887
73746 93384
37678 89193
49856 87872
74114 88774
99406 99941
58542 68551
3051 37946
3107 41196
82771 85232
43184 59127
16431 20508
9864 38438
53706 99763
80722 84758
74828 81440
89389 92860
10202 23922
21029 21230
87955 89452
38382 38429
98599 99318
13131 22863
43742 92609
87255 88048
69744 95020
65483 87218
75730 80945
20701 96367
99218 99791
6948 62808
42833 77311
78817 80175
62096 82458
9313 91344
2537 68595
15080 94238
26608 55309
96518 98823
79275 94038
264 22687
906 6864
71838 91108
63808 89066
46884 72398
45 75757
62766 91939
48660 74725
82650 91546
14046 18836
18426 58691
39396 74145
70447 90993
92070 94111
81903 97272
25414 53977
24364 84747
5435 67847
38080 44365
83750 88279
93424 95877
36672 91565
26700 60180
63488 81762
66322 87414
143 60343
24204 54728
80729 91581
37262 65661
43776 54209
19618 47210
60030 84364
87658 96471
31521 71233
26532 77856
35863 79055
1862 70725
55915 87173
43356 69035
58194 60306
9035 34894
5789 67453
5242 24019
55981 76845
91653 94102
63519 75737
6440 86202
55650 88427
20357 97778
31034 52878
14759 27614
42615 77681
18589 94053
96501 99566
48218 86636
74813 96595
29101 53328
4951 33291
42535 59631
58746 77319
82293 96470
18796 40003
8336 68090
93329 94612
25780 32517
71546 85030
25609 77003
16893 98439
21203 99879
66827 85513
88355 93415
41712 51187
39636 90043
81455 91400
96165 96872
55127 70342
69350 99314
77985 92401
93380 96758
82187 82431
13300 96997
57120 64025
51498 61027
33362 85128
28414 91300
31267 33157
13985 21442
99402 99529
62862 99217
34392 41120
47591 56682
94933 99684
14938 59637
4224 46197
34107 79816
25174 86298
72145 86391
79785 89270
24094 60741
56678 99473
50665 61157
68125 86555
46476 56925
44338 60296
27987 70590
92605 96433
61017 96734
29054 97167
54933 58377
64421 65741
58958 89940
76670 96501
38415 55203
1281 48989
11424 72512
28652 53855
86041 91875
3993 30684
6856 40742
25617 86584
77240 77531
54345 55928
2057 74967
94281 95257
59013 77094
39440 79576
2329 61870
26834 97063
88348 88612
45541 76186
54878 88390
40343 89804
27210 59696
5811 40163
57192 84339
66062 96617
60466 72935
35804 72915
5217 19565
18313 98835
72269 76536
95346 99316
95302 96996
28922 94193
18579 64270
43909 51460
2142 52663
95502 99002
94519 96642
89804 99453
43475 83470
80146 95962
85727 91711
27563 29297
60872 94634
39764 65444
63012 93117
84693 88232
38496 45071
42933 85326
10383 82669
99106 99209
6658 48975
15394 95689
64427 68312
75616 77002
40426 53020
92047 94918
32486 77595
58856 83616
86676 88464
37429 50908
81588 99388
22122 59763
92709 97742
66741 84035
97747 98535
11652 62330
72634 75455
88380 94183
65302 69403
86898 94577
72265 81561
85064 89018
57402 99327
16931 51083
35480 70195
85065 96337
72761 74604
57335 78809
7925 35687
80538 96848
97910 99935
94523 95657
66618 69020
9564 23309
44941 60940
45848 90179
61536 92539
15002 19407
75773 94324
46794 53878
11212 79068
92743 97746
3541 16417
18533 37892
48389 72222
44233 51522
87464 92655
10953 75381
73873 80206
16683 97200
2712 48103
54999 55020
37315 85250
74920 85213
17130 81942
7056 52610
45033 94600
53672 79383
66054 97407
13769 57596
33474 77512
97271 98571
98293 98729
92442 98390
88262 90774
13759 76335
88828 93257
80466 94141
21075 49842
2025 91512
22183 55748
36720 76504
81448 86889
18167 35291
92180 97847
7226 43274
20737 61850
19960 28267
89507 89929
29423 99851
86665 95125
18224 26239
64761 89183
71364 99141
89091 97447
83995 84827
79339 90392
27770 68837
11981 92343
60799 73519
80547 94543
17754 89003
82591 89812
11234 93975
10005 47569
27872 94865
95442 99183
48257 56654
45451 55065
28092 40832
46756 84841
48541 80231
89985 99809
42881 75598
54269 97347
90017 90367
31753 90262
40178 55758
34638 49581
56249 97565
57468 81240
42567 62896
41496 84930
94523 94711
89859 97069
52448 67767
26100 72475
43782 57299
30500 41286
72657 84318
34528 36050
47577 85900
74514 84231
60474 78096
65857 86991
34002 51815
7894 27319
96083 97912
67 85493
60406 66196
18277 79822
94333 94598
84122 99057
51539 84911
33338 52441
25774 60472
4767 43095
36618 57425
19214 61942
69480 87777
7726 60285
78386 91253
58090 77551
33207 45698
92279 97617
43078 80484
52089 68610
11583 28508
83763 93356
21855 50425
10905 64604
74675 77981
3902 60799
75508 85996
79419 99059
76809 78021
98791 99358
18610 53957
95855 98847
38894 96721
90586 90938
39977 46979
24734 35186
72796 76977
61348 65277
51571 82070
55534 85611
26326 98812
22211 61798
98111 99402
66964 69769
46813 95128
26069 88677
38192 57710
98573 99762
69237 81494
60103 60297
79385 97608
79026 88178
47388 98131
69208 77531
66459 94102
28807 31352
98797 99570
55500 78069
78346 98925
87621 94591
6286 71591
4040 14820
62498 82017
19715 98333
25070 42069
95358 95608
83686 94858
7728 82412
92051 92615
49472 78304
21754 91844
60883 61070
78831 95177
64489 94779
69658 77311
83401 89942
20147 62564
98015 98809
27514 72848
50739 57155
98525 99519
89191 94446
60677 62530
19210 79106
59224 94883
93605 99008
24814 51473
74944 86861
91198 94138
18167 32913
76208 89765
22932 91744
51628 99132
4248 57278
4005 11276
25672 69196
68830 84209
36277 46975
38329 89964
34362 82396
97834 98798
52415 78216
15473 51602
2732 19947
90594 98256
54745 70663
45183 60364
67817 88916
