893 550
66 15 11 28 37 40 59 23 73 73 3 47 60 98 25 89 13 43 78 93 91 86 85 79 75 50 54 34 24 31 50 85 61 56 68 94 15 67 36 7 51 99 48 7 42 30 88 65 15 9 90 7 93 73 85 21 94 99 30 31 59 56 93 57 73 34 77 73 74 49 30 10 60 89 37 11 71 82 77 14 78 41 13 14 76 75 98 23 39 16 19 4 57 42 78 13 25 5 32 43 12 49 36 5 84 42 4 28 4 7 52 76 46 7 7 36 50 27 76 52 67 28 97 78 71 32 74 43 78 46 55 27 79 39 62 22 83 11 40 4 85 1 90 56 94 62 25 4 73 70 17 76 2 20 73 92 37 75 91 66 28 97 97 33 80 1 97 94 80 11 65 73 10 99 6 56 72 22 14 98 26 24 95 59 72 31 46 37 11 58 24 70 7 14 71 48 39 21 68 90 40 79 28 81 95 78 65 45 30 60 50 82 77 76 65 33 41 29 44 19 68 78 38 7 18 47 48 14 32 91 87 36 27 7 3 26 43 53 41 92 57 4 37 36 13 59 24 62 8 36 91 25 73 75 83 25 34 75 64 50 22 48 75 98 13 82 97 87 43 17 52 63 8 73 76 56 40 44 83 42 14 66 8 22 6 24 14 44 64 92 83 24 27 67 95 70 33 76 7 88 39 65 65 60 45 12 90 50 84 12 62 33 63 87 39 32 39 78 4 44 86 54 94 57 17 29 59 82 65 59 95 9 23 6 53 78 98 88 72 46 26 46 93 31 99 96 58 22 24 60 31 74 80 79 84 47 45 94 88 25 87 52 16 74 47 84 71 49 69 94 69 20 30 75 21 60 70 45 3 8 5 7 57 12 68 64 34 11 91 57 49 59 12 2 87 91 10 86 51 68 56 46 93 60 84 66 69 49 91 41 37 22 9 90 54 39 36 8 18 49 14 23 86 76 28 47 19 16 2 72 2 33 3 47 16 43 59 28 69 84 16 52 21 12 17 90 42 60 42 42 31 71 87 64 87 15 52 57 97 12 47 35 84 29 75 55 80 77 34 91 67 68 5 42 65 62 93 69 12 31 70 52 79 86 57 79 12 27 54 66 56 43 82 2 46 82 29 2 59 87 56 69 70 75 93 73 3 37 92 79 19 92 25 76 28 71 77 1 23 54 47 26 20 55 26 4 79 38 2 96 30 96 69 85 97 7 55 17 81 46 75 42 80 34 55 67 32 22 46 80 6 11 89 41 29 87 32 43 95 19 93 7 2 74 16 81 11 4 9 20 39 86 60 7 31 44 20 43 70 9 70 86 33 41 22 23 2 13 74 19 83 19 57 64 29 44 83 23 96 66 80 99 30 61 18 44 8 64 78 22 91 48 1 86 83 61 99 77 76 10 9 23 98 14 96 58 63 10 53 20 33 89 42 54 9 21 89 66 6 36 71 2 87 63 91 90 65 78 21 31 95 36 93 17 46 72 93 66 95 84 10 76 86 94 53 5 9 32 8 17 78 59 90 40 17 23 89 72 6 28 34 65 46 25 11 99 55 26 12 20 93 27 70 39 14 19 56 70 97 13 49 35 94 39 8 86 43 9 45 27 44 36 43 22 25 81 2 18 36 33 36 30 75 81 21 34 51 30 3 71 5 7 45 42 74 66 6 15 33 25 40 85 74 20 22 58 25 66 47 52 52 18 22 42 91 73 49 87 21 89 32 51 22 63 26 93 99 61 60 44 7 32 44 71 76 1 55 62 89 63 9 60 81 21 88 54 76 16 92 45 79 15 82 11 26 93 68 54 34 94 40 77 9 54 99 19 85 46 85 59 37 1 35 48 22 93 18 84 42 82 20 74 33 57 37 84 32 40 89 79 18 47 10 86 82 86 72 31 99 14 17 82 35 70 17 61 53 72 14 91 75 96 5 57 15 96 62 26 12 5 36 86 2 53 12 45 46 81 2 85 92 61 96 37 6 29 39 80 94 70 3 73 79 6 51 60 84 84 61 17 84 91 87 
37 792 2
608 617 75
244 496 6
606 860 -13
787 824 -21
842 878 -67
872 874 -28
618 805 -68
445 572 -95
359 752 58
319 730 72
66 83 15
713 805 29
64 303 -29
651 813 60
137 847 -63
835 870 98
759 810 89
672 821 -38
98 866 -19
331 523 88
749 810 -42
185 378 37
365 503 1
222 518 24
154 167 -44
147 750 95
179 795 -14
543 681 -52
173 555 59
48 140 -56
567 586 -75
836 848 84
382 493 -9
225 602 -47
130 564 -78
576 666 -60
881 889 -66
861 870 70
176 252 19
786 821 -34
31 214 81
452 526 81
350 545 87
2 590 -12
854 873 55
101 764 -40
399 565 12
89 160 94
557 731 83
308 770 -72
803 852 40
714 745 9
342 518 18
731 796 -1
704 886 66
199 498 -72
542 740 21
546 794 -1
733 828 -41
164 828 -98
177 407 52
4 352 20
261 475 -50
57 623 30
62 491 -27
602 672 56
104 507 63
341 566 -36
879 889 18
682 721 24
608 858 18
795 888 -60
440 845 -59
72 303 62
123 351 17
244 743 -98
559 571 -53
508 772 23
167 578 12
637 655 20
851 855 61
565 723 -7
794 885 -80
141 532 -63
306 619 44
267 362 -36
52 201 -1
685 868 5
64 373 64
249 453 18
613 684 14
106 851 -26
149 578 -51
296 509 -3
678 748 -34
223 820 -22
737 831 42
303 816 -28
455 513 31
580 591 -95
105 656 -18
436 857 -47
311 510 79
397 488 91
90 830 81
530 874 -86
215 358 -57
820 860 -85
822 823 -29
383 619 89
553 777 -88
318 833 -60
883 891 31
260 395 90
881 891 -5
39 462 -58
876 880 -76
862 867 -89
700 707 -74
37 181 -76
733 786 8
890 890 -66
369 748 74
119 764 91
483 789 -52
258 478 63
191 347 -3
606 792 -23
556 702 -61
838 847 -12
303 674 97
668 732 -17
10 856 43
243 561 90
381 829 -10
129 250 41
802 875 4
23 194 -64
201 599 -37
182 777 5
551 789 -17
3 667 -41
88 497 -81
806 869 -91
425 778 -67
32 648 -47
648 871 -51
204 686 -16
481 667 -41
887 889 -9
562 802 35
91 469 49
271 778 30
471 742 93
124 242 -43
637 663 -16
416 441 -8
695 779 -78
569 886 -69
410 791 -72
414 750 29
438 870 -81
586 772 -38
563 772 48
520 868 -74
867 888 -63
619 780 75
16 239 -6
129 664 35
531 638 33
395 665 -49
295 619 16
474 503 11
585 685 -86
592 786 8
252 486 -57
425 688 -65
521 702 75
442 507 42
560 770 -54
803 833 -59
366 584 57
765 876 -25
97 727 -67
469 594 29
328 673 -31
692 733 -30
145 365 85
456 747 -67
595 850 1
1 680 93
741 810 91
561 837 13
277 375 59
442 712 33
806 834 34
397 856 -83
727 844 -45
280 690 27
387 475 -89
817 892 51
414 854 7
106 395 -86
722 856 37
38 689 -20
203 351 -18
594 711 -44
564 565 -84
682 789 -43
807 882 -79
210 408 -55
689 710 -24
799 831 -7
483 827 8
759 835 18
732 873 48
78 794 32
125 257 80
393 634 -48
72 274 23
808 862 14
289 366 -7
542 597 74
520 781 -38
177 655 53
252 688 81
615 658 7
152 244 73
471 750 50
439 579 -20
696 758 -28
33 613 -4
736 841 -60
699 835 -70
610 671 72
25 790 -29
263 539 56
498 840 17
823 839 14
517 540 -29
650 751 76
13 398 -99
488 807 60
445 771 99
364 586 -78
463 866 -58
786 822 74
78 183 -1
671 729 71
115 300 13
28 109 -82
260 832 -46
786 820 -69
872 876 -62
223 414 -4
840 876 79
530 574 -80
619 691 -18
184 546 -79
499 663 -52
597 631 82
218 655 -54
204 658 -26
591 826 2
868 871 -77
645 790 -75
6 94 -96
825 870 26
461 548 -5
36 859 85
543 684 92
278 701 89
329 605 -35
191 604 59
735 832 -18
398 871 83
150 548 37
843 852 -32
221 593 58
807 842 86
386 513 -65
177 654 98
580 848 -23
342 747 -91
557 876 16
152 767 -73
324 583 -35
722 809 -20
169 667 -66
140 441 36
784 849 -90
302 334 -57
318 860 -60
423 679 63
505 764 -16
54 828 -32
529 647 -14
129 477 35
539 769 -3
219 710 25
641 697 99
694 859 63
442 662 -67
682 734 -96
869 872 96
69 459 -21
126 752 58
298 819 1
26 750 -40
202 413 -16
682 725 -30
302 603 22
448 799 -40
247 495 -86
357 399 23
60 450 -85
12 299 -30
870 880 -57
662 788 24
260 345 59
541 772 95
598 792 -1
252 887 49
117 675 -82
760 792 7
797 814 -4
810 812 -55
655 694 41
127 153 68
802 848 66
207 404 -9
291 737 47
206 624 -90
320 579 -95
217 322 4
207 631 45
630 792 79
364 869 14
468 871 -57
52 631 -56
452 739 98
878 882 26
108 558 69
680 806 18
639 666 -80
510 829 75
820 880 -38
522 709 36
883 888 -72
188 276 25
168 511 -79
497 886 -90
825 835 81
386 514 35
539 629 -34
584 814 -9
619 661 -35
819 821 -63
15 830 2
736 873 -43
531 865 10
405 842 63
433 777 -32
149 515 -22
797 845 -87
516 521 -6
267 267 -65
187 386 99
68 831 56
482 601 -52
865 887 44
229 591 -97
63 124 -18
472 482 51
870 880 -85
437 604 -99
695 769 3
677 689 -6
217 475 27
518 644 -59
826 868 98
845 859 27
496 576 -34
716 832 98
146 154 -71
218 328 -99
861 885 -18
702 859 78
444 798 -6
58 159 -74
695 765 -69
820 849 -92
316 750 -31
283 521 17
118 218 -38
698 886 85
82 246 -9
147 467 44
306 475 19
713 781 -67
20 821 89
352 601 66
360 767 52
263 305 42
346 390 23
470 668 33
212 753 39
287 550 -77
309 525 37
307 868 -15
833 842 -93
502 502 53
687 861 -31
363 807 19
103 454 27
377 829 -21
195 547 69
594 706 -97
250 695 -91
59 653 45
432 566 79
576 596 -3
430 751 -23
630 655 77
420 724 -73
224 492 85
761 771 44
152 777 -50
486 755 -64
527 717 -14
834 880 42
354 459 35
593 614 95
713 856 54
455 855 50
529 643 -24
431 544 60
747 787 -22
300 421 59
717 766 22
402 611 -82
276 471 -62
266 312 -40
213 295 -12
870 890 23
838 863 58
109 799 -77
314 776 9
316 335 83
331 471 11
28 176 -73
112 183 -35
201 572 -35
275 282 -76
842 847 35
867 883 -88
178 321 50
506 686 -91
300 383 14
334 357 76
246 503 -10
154 441 -45
293 563 -59
639 744 2
145 733 -64
374 852 23
193 525 -31
565 880 51
86 553 -59
292 527 79
504 586 -88
538 600 53
335 838 57
608 819 -23
664 711 -34
776 826 -30
773 882 -83
692 695 -37
750 760 9
330 344 -36
584 647 40
41 96 74
45 870 39
44 675 77
637 679 -67
275 550 18
444 708 -92
662 816 95
667 835 8
492 611 -93
319 391 -1
816 824 60
714 756 81
548 812 26
387 756 -14
238 536 -71
699 818 -42
490 694 -50
94 271 -44
312 333 69
456 773 -74
80 573 -30
391 567 5
351 793 -9
281 745 61
402 812 -39
802 861 -89
236 583 31
717 731 -2
371 421 33
250 316 -30
560 656 2
652 819 -6
741 883 -28
179 698 44
393 838 -13
556 759 -13
182 268 44
462 691 93
826 868 50
636 785 -56
457 480 18
774 846 -6
503 796 -9
177 263 81
783 859 -29
266 448 37
348 767 71
504 818 -45
379 523 2
479 681 88
763 808 -22
439 494 -47
479 579 66
864 887 -74
321 322 -17
110 819 -98
243 653 -31
863 878 38
875 887 76
385 542 -11
185 536 75
74 309 67
727 738 -97
86 498 64
102 591 -20
802 809 41
887 891 -45
447 806 92
