336
341 628
334 922
718 939
449 836
524 946
629 800
467 899
562 818
747 862
940 976
985 997
89 425
157 792
101 264
985 987
715 929
594 968
492 516
102 407
49 441
485 834
282 744
556 604
636 713
303 817
809 908
607 929
246 448
739 996
316 956
394 813
5 911
953 969
954 960
495 686
35 66
184 921
426 926
793 827
485 955
208 925
731 908
817 946
453 870
423 751
715 759
631 882
946 987
299 557
351 628
5 614
540 550
247 678
628 976
654 738
798 856
450 593
833 968
43 332
538 895
845 916
954 964
32 234
827 865
790 875
949 990
220 904
738 824
855 940
792 867
880 995
238 836
959 995
946 968
50 738
436 585
648 666
919 945
139 723
229 673
698 955
512 813
520 921
731 923
991 991
16 994
678 973
906 912
62 614
968 999
368 615
532 542
36 229
532 559
325 337
941 981
731 791
69 373
171 727
118 491
442 896
896 998
744 878
155 192
654 929
5 672
678 946
956 994
298 630
355 999
576 802
948 970
565 594
196 861
836 859
442 470
10 224
277 824
240 588
372 525
720 897
658 734
11 130
886 952
236 750
628 777
318 379
736 980
543 869
752 906
532 983
19 320
615 624
759 800
764 781
314 723
379 663
102 990
801 897
543 577
379 939
840 877
611 928
784 974
256 333
256 579
573 612
865 903
699 962
981 992
304 697
55 466
245 717
197 957
943 969
916 944
545 597
676 905
441 814
118 255
27 613
541 836
545 615
273 332
962 971
544 567
469 780
106 357
962 988
186 543
5 248
407 482
801 814
627 859
265 507
32 958
842 884
463 605
567 939
981 988
494 512
491 788
367 931
940 970
338 585
712 800
530 807
55 335
568 836
637 728
612 785
643 664
98 619
841 956
370 810
526 703
995 996
933 998
611 774
669 865
462 505
696 937
359 424
639 703
253 431
903 906
865 999
243 733
101 265
696 969
355 973
733 916
997 999
743 749
490 662
804 921
986 994
712 806
363 664
547 891
662 809
213 627
657 812
121 446
565 729
736 761
959 997
139 389
820 834
318 324
779 896
699 932
258 698
896 916
655 707
93 922
817 885
504 927
344 639
706 939
476 600
778 800
817 872
487 647
633 873
108 488
252 419
158 497
723 821
982 999
492 821
616 875
933 956
568 630
14 194
128 659
354 369
809 835
169 830
788 947
316 829
978 982
921 921
203 271
183 842
690 870
995 996
938 964
568 818
687 830
264 317
293 667
909 980
31 320
79 778
798 812
568 660
264 944
319 657
989 991
570 677
412 794
977 983
563 851
750 998
214 700
141 206
371 997
146 533
261 675
244 831
925 941
789 898
429 886
407 795
989 999
304 626
541 727
11 236
470 709
638 915
71 452
446 571
855 972
973 973
755 963
126 157
943 987
334 998
482 782
932 943
230 682
120 463
889 961
350 844
672 881
295 302
594 774
607 956
537 786
57 306
749 806
241 383
298 333
666 896
566 988
253 365
77 778
392 453
920 977
681 757
229 694
806 819
289 362
796 859
306 870
