780
440 838
89 615
45 670
305 627
386 732
826 965
83 199
457 735
280 587
970 974
62 451
235 999
553 948
720 761
506 941
560 683
540 884
806 965
366 903
609 957
937 951
950 990
541 642
594 823
383 502
366 936
987 988
360 684
342 696
291 749
134 711
82 210
16 296
238 993
729 885
916 952
597 718
517 778
546 929
368 990
47 212
633 901
979 999
776 788
660 790
535 900
74 98
512 749
495 572
991 995
578 620
50 575
917 954
447 561
202 499
530 661
840 922
842 960
814 827
875 975
628 800
414 487
873 960
190 286
849 988
464 727
772 923
199 820
261 520
759 801
533 663
538 904
110 575
213 442
55 513
124 539
61 243
320 411
391 919
340 806
376 453
18 247
684 840
280 545
299 651
658 747
517 955
985 996
147 793
448 817
966 969
134 351
926 976
94 320
1 288
94 480
586 844
751 908
331 950
339 546
867 923
805 957
540 670
470 667
783 833
355 765
471 670
416 986
149 370
907 984
38 492
215 726
877 893
101 501
711 823
108 709
537 776
589 948
847 860
318 835
718 885
266 393
984 988
593 656
819 964
953 992
409 719
291 906
739 876
85 415
244 686
719 774
239 899
112 569
865 872
513 664
804 824
33 928
650 855
20 804
966 985
407 961
693 731
697 925
529 783
822 995
556 803
349 478
876 946
506 764
666 752
213 624
699 960
436 652
351 626
440 576
871 985
827 905
146 822
579 874
6 557
93 508
38 58
813 980
249 255
291 386
419 858
452 634
305 902
200 217
378 739
651 892
212 969
132 593
836 895
248 479
841 850
429 887
325 351
655 693
886 915
510 696
689 870
432 729
435 577
138 417
317 617
245 574
633 753
571 912
171 662
51 273
267 642
294 580
461 748
168 941
967 981
761 882
842 863
18 427
132 160
374 846
361 678
437 464
940 990
243 779
164 237
482 965
509 535
464 709
555 679
203 665
126 959
235 357
390 874
824 854
325 534
285 696
82 233
37 405
337 803
113 540
578 799
480 759
574 612
903 916
400 898
902 975
580 754
199 312
113 291
828 958
840 906
602 776
768 953
834 855
16 540
980 985
479 692
325 870
351 886
32 665
820 871
364 814
107 856
626 753
234 615
976 997
13 566
61 487
303 621
992 997
942 973
710 886
55 260
640 698
982 988
119 955
995 995
461 685
909 914
257 860
426 722
730 736
46 869
89 215
274 940
251 335
882 941
907 924
124 956
932 990
460 900
344 676
614 636
560 576
911 912
139 453
673 782
4 232
907 959
660 943
808 932
816 880
679 695
734 965
291 580
508 918
560 862
362 388
453 854
378 924
743 755
853 985
518 748
545 758
498 817
323 674
865 924
633 975
959 961
58 335
712 818
430 578
549 839
521 768
8 423
86 823
351 926
113 277
210 795
942 963
375 806
683 873
737 882
857 865
156 225
785 795
881 985
71 743
750 894
401 726
535 692
644 860
450 581
773 826
533 737
770 803
504 768
592 711
508 789
472 514
2 331
914 996
433 509
903 956
988 990
235 501
963 985
495 537
598 859
817 940
378 435
795 962
592 785
399 773
620 829
777 790
63 654
312 634
68 930
940 992
230 605
482 596
100 856
716 966
633 700
718 774
577 990
926 963
685 907
77 828
60 896
441 756
815 930
925 955
520 582
26 546
24 544
133 605
989 989
875 998
204 272
170 596
488 517
408 852
205 978
189 748
636 734
603 692
868 980
758 940
654 866
742 921
956 996
647 949
582 988
253 961
838 839
369 872
719 749
574 714
955 991
105 936
740 893
471 968
646 995
550 890
900 948
783 967
654 925
296 654
41 465
804 959
58 776
12 645
815 978
3 204
764 859
518 757
857 892
888 916
260 657
707 948
365 689
732 852
924 941
878 931
780 902
296 925
944 949
162 900
283 833
624 720
792 825
951 986
325 469
226 770
301 384
538 693
993 996
741 832
934 988
241 420
888 905
198 629
398 921
488 894
199 577
199 775
907 923
36 138
623 928
637 763
868 885
698 960
855 884
711 874
74 730
71 144
396 405
949 992
507 974
912 971
335 366
420 715
335 669
803 919
944 948
981 990
342 750
819 962
447 939
781 967
500 897
400 921
691 823
841 922
354 772
997 999
895 918
541 667
912 949
939 954
129 898
2 239
540 542
784 840
883 886
318 600
354 963
721 800
497 549
339 448
146 293
196 840
924 939
546 807
114 692
611 967
268 995
703 815
208 933
541 816
660 881
89 327
698 829
630 747
285 954
464 586
947 997
843 910
644 695
99 407
678 799
816 992
52 511
822 985
962 990
213 841
641 767
805 849
359 655
820 948
544 759
921 928
255 537
129 200
204 797
148 660
796 995
620 941
238 944
373 997
943 980
97 631
345 451
301 618
76 522
373 782
626 941
916 996
719 914
277 435
695 819
789 982
740 783
334 842
614 776
959 972
771 938
218 690
792 957
526 613
745 978
13 444
637 739
320 472
206 684
238 869
235 660
405 645
736 998
693 976
609 892
250 524
387 745
112 430
309 918
668 677
702 977
994 997
145 466
948 987
63 764
7 772
632 808
782 908
530 649
673 923
60 671
881 901
814 849
296 649
653 903
616 800
530 592
794 846
706 876
900 925
111 281
823 882
301 745
123 704
36 104
385 897
470 585
342 600
822 940
884 898
627 887
895 896
702 966
983 987
184 758
165 369
903 910
735 991
699 847
880 928
477 571
938 941
93 559
432 581
942 975
872 944
947 994
815 936
341 798
570 980
391 561
826 863
409 616
85 245
181 610
925 983
47 215
549 945
68 200
159 618
135 769
193 830
753 816
223 935
225 800
98 746
878 962
269 648
550 601
20 593
48 623
220 294
235 835
430 697
649 733
214 678
248 921
147 960
9 810
232 456
415 818
251 410
977 987
52 470
476 557
776 834
741 876
885 999
826 917
877 973
546 616
113 138
222 302
169 177
549 952
911 982
316 539
557 831
305 373
788 951
672 741
915 933
705 822
295 744
611 919
451 633
130 925
372 437
238 403
817 991
102 152
170 221
614 709
817 844
508 720
25 159
373 610
376 604
463 650
405 465
588 993
44 615
292 348
533 929
907 938
517 801
729 951
286 332
747 910
983 990
969 981
622 740
120 435
771 922
777 965
609 821
574 787
372 974
797 899
243 633
459 787
724 806
782 796
947 947
564 878
556 561
324 378
966 995
123 941
463 832
876 935
317 341
873 921
181 337
384 814
511 919
510 893
409 478
102 130
701 732
101 563
780 924
44 138
556 628
155 415
448 745
452 545
375 560
207 426
33 413
701 771
567 890
455 951
816 908
831 910
388 673
804 954
511 583
175 988
890 984
427 455
80 516
74 657
184 550
204 981
38 203
378 970
358 582
492 952
199 595
9 908
416 999
352 609
412 586
652 675
118 784
225 317
898 990
452 981
130 341
250 971
991 994
426 992
231 861
968 975
10 679
131 662
641 925
735 744
682 993
945 955
960 976
225 887
116 622
571 981
270 892
994 995
255 926
313 330
49 799
