272
264 774
564 927
563 674
808 900
548 689
966 991
604 925
685 838
792 970
333 730
630 776
807 917
376 710
430 997
179 948
447 557
280 984
628 867
456 751
420 785
65 820
968 978
408 689
446 978
959 962
75 725
629 766
861 992
272 573
184 865
743 783
138 978
70 140
136 967
923 963
382 757
778 797
971 986
834 888
816 999
329 897
224 873
421 425
245 305
270 591
998 998
504 662
288 588
745 785
265 935
525 820
357 786
743 750
230 556
897 910
193 472
264 802
218 777
764 765
749 751
376 846
943 995
169 564
461 750
372 419
312 608
184 520
569 735
469 797
766 883
908 970
818 893
202 263
792 980
786 815
646 953
23 182
568 582
794 901
295 642
849 916
544 692
124 426
602 877
606 755
184 359
883 954
420 630
50 516
777 866
46 55
525 639
61 321
212 636
654 992
2 700
550 686
43 233
553 954
342 451
237 449
559 567
140 943
980 986
124 363
923 962
94 271
750 815
833 859
610 696
469 773
705 887
555 774
366 485
840 947
569 942
811 925
707 926
25 315
803 879
711 847
734 857
438 689
417 569
641 920
556 682
769 977
228 774
737 929
142 634
518 683
592 643
10 381
536 584
651 844
357 407
527 631
448 625
168 808
385 665
553 691
36 382
683 740
271 630
36 429
626 654
919 972
941 943
298 686
918 990
908 977
142 161
504 519
890 898
729 775
599 793
121 152
2 355
37 663
398 471
258 975
539 806
372 936
157 284
952 987
56 211
155 887
487 666
685 779
889 936
665 753
78 813
884 888
356 731
660 850
286 447
633 806
118 782
918 986
784 820
123 247
335 793
64 882
605 946
163 812
443 577
78 667
311 500
209 288
643 898
609 969
521 556
101 959
193 716
497 860
248 880
997 998
114 150
79 528
199 841
692 735
55 872
567 939
185 910
664 992
216 965
362 771
220 578
723 774
879 920
563 889
569 836
46 725
114 780
582 659
614 940
613 786
905 951
187 952
247 409
862 976
348 633
510 868
409 445
620 930
157 720
104 267
983 988
524 734
162 400
118 374
37 753
960 994
57 196
336 503
194 969
978 995
826 826
922 986
375 836
817 944
822 991
6 245
91 925
111 318
471 782
417 804
247 742
556 944
166 849
919 983
441 772
310 864
409 475
203 783
759 929
532 586
348 480
789 842
244 466
647 928
825 955
509 545
295 785
703 988
89 556
957 958
225 640
82 141
331 671
790 796
89 658
