413
41784 65697
31600 35597
34794 44077
41991 87000
85745 97083
92112 95947
89648 95442
771 60196
57231 90157
54618 83300
3403 28256
12341 80463
89255 93249
49030 92154
28143 67009
73304 90551
35178 74912
23321 23446
8030 32458
47540 91509
38355 74536
77933 80777
90295 94820
12586 64178
76222 80600
4842 40834
1480 34856
22993 57410
30722 78636
69387 86565
5890 41711
98576 99882
40658 73386
72755 76546
56569 91759
1050 96608
37621 82746
76148 99912
60863 88602
38504 79505
437 7242
45413 62532
91603 96236
92597 97753
84594 94596
59254 81653
72474 92257
96642 98370
52842 85529
45906 64285
7741 36573
15019 31988
12024 59020
19088 29692
13887 19454
52069 84199
62430 74423
45317 84618
18998 73721
30677 51885
92133 99132
16339 73148
21340 50699
81393 91264
29616 65038
26508 88419
24129 75454
7250 69308
51506 64863
12652 45772
10624 28792
62485 94570
83111 85075
92056 96958
48798 99139
38186 56264
763 24246
89646 94629
49423 65976
5750 10568
94642 97076
23416 83689
30751 65776
12198 91122
444 11985
90583 99591
50348 81439
52807 90606
99522 99680
36350 58377
82745 90449
54430 75345
44649 85481
80448 91579
66274 98531
5455 46715
61603 65398
13381 90129
43996 69569
37459 39693
60052 95770
94387 97581
64451 76680
71124 98566
27298 85309
16412 96308
6369 44509
21729 59016
77952 92549
8510 20172
93266 94567
14856 75147
44762 55045
57144 70482
31179 72621
96944 97593
57413 97846
86036 88094
73439 97302
81637 84139
57640 74495
36165 72775
49594 86054
80569 95669
22385 46867
46847 76003
73123 96643
58868 68031
11837 57945
12256 93829
61714 78756
40635 99588
51047 68700
60175 71679
83249 91881
53315 90204
10864 91180
30093 76990
83171 86973
58192 78274
84929 90162
11936 85297
95849 97592
39173 63667
70017 98781
2693 68595
17277 68862
95541 96074
15545 47539
3247 67887
11438 81614
58118 91043
60602 66142
43143 75670
20575 58055
41368 78440
50263 67327
20484 95084
98190 99744
50970 52037
39387 54463
35081 70776
15054 72292
40134 52985
34969 87499
40555 90759
59703 73454
11239 21679
70129 84177
37162 83030
29893 35108
71702 88185
23899 91440
1664 11120
93172 96928
34416 82312
93555 93614
10134 85203
6976 99630
53370 84712
30518 47594
58984 63936
81862 83383
32307 72990
15717 92940
88618 95353
73815 82548
63731 82531
97293 98762
39573 94110
28940 98876
71832 99764
88712 91686
93154 99498
55507 82106
11677 72585
10459 50931
91460 99234
9184 28708
88634 89941
26852 30821
24218 46993
70818 87931
34203 53434
99713 99830
20262 70059
81438 87908
44770 73833
37568 55940
26096 92013
5997 56745
89326 91495
99567 99683
48078 51468
57021 74407
25002 66949
83935 91894
16538 50753
67112 74057
69492 93787
61345 90959
94482 97282
16204 68754
6408 51600
84505 86600
23594 52242
85969 96910
72494 77715
22699 70322
18470 19684
22955 95369
55003 79377
38097 73915
35215 82979
82145 90566
43908 51496
4238 66105
49197 84168
99506 99855
83452 93911
85813 88868
66027 76146
12839 71530
74093 75332
1395 93358
21237 67781
35665 91185
31837 94351
17508 86422
4408 77464
88089 92594
52978 71415
24867 28160
58962 64553
20297 51983
9142 49305
74957 77500
32202 48694
30038 51040
68505 72144
92001 96239
13390 40880
76103 90468
78592 95010
63616 94492
83540 93859
33907 45144
87118 92499
73534 92343
89691 96594
83115 88286
98245 98342
40068 57333
31837 39453
91904 96726
89486 98053
52389 68791
69027 96781
50926 67354
36794 62333
94419 95481
85478 92869
41132 99067
174 30825
12477 86816
83356 85715
18287 55637
95262 95862
61681 91052
48636 93388
40484 62541
23312 86065
6712 51123
50639 95766
45662 55349
45017 82987
69967 93700
71593 89398
56227 63578
18941 34431
38567 38987
98373 99879
79956 93685
30146 44293
39514 73204
74474 77028
22750 62974
17566 83445
97920 99953
77131 87426
59456 98051
80950 84913
60956 79376
45720 64682
58739 96032
24525 68055
76732 79775
37359 86023
50242 75507
86601 97292
73004 77370
48897 98712
2631 76449
90954 96169
52445 61463
19700 73225
30481 83687
54537 94223
82229 89173
80464 87148
67078 70751
24420 97299
60286 88067
4845 71818
9739 44691
2082 51485
50682 60256
65315 78246
95727 99054
62834 84227
54741 98548
84812 87554
43296 98057
93832 96836
50636 56208
59311 72852
27442 86298
28258 71327
1181 44443
63615 80232
50076 71909
37521 54372
89971 97077
23527 48431
93960 98475
21534 24274
56744 67552
76657 89870
83829 97174
35371 58739
88091 96395
9645 16971
34402 56649
80100 98816
87349 90413
85550 97914
98817 99168
3034 6402
50494 81836
40137 69210
32557 42430
42695 75607
17576 71147
97947 98678
12320 38796
69229 88825
52346 76110
66842 90137
20259 92367
91104 93948
41700 85117
73714 83580
94497 94743
13606 96883
65854 67233
3836 72493
7184 15568
12866 84298
29827 49125
81741 96406
54960 83950
85731 87484
96695 98425
939 27581
25396 40006
50702 71520
70562 84597
22647 76790
47721 59188
69799 92322
78185 78678
65046 73876
93874 98023
40400 64118
32962 96975
7667 20777
49588 95194
2582 72423
84686 97346
40217 74998
1950 58312
50990 97969
78343 98415
