951 917
-241 930 -158 -755 -455 889 327 -46 660 -504 452 -876 -259 888 306 575 -570 403 369 -38 628 -537 -822 561 368 870 938 -782 -688 -138 728 639 -291 696 -299 730 -868 -8 -381 464 433 229 -417 150 -236 727 50 575 685 -322 -330 280 -54 158 932 -259 -222 -509 554 501 183 -80 327 879 -208 -90 870 -817 -403 -443 426 202 -512 470 36 -105 -520 -915 176 264 187 711 -656 987 -379 919 839 229 182 704 807 684 576 -322 701 424 359 424 -375 -120 -477 -706 -709 -493 825 -867 837 172 622 -220 -28 -736 99 71 508 222 209 -756 -521 -896 905 -752 420 -723 803 -128 -848 561 959 91 -95 55 -888 -621 -94 -487 757 677 -36 -168 438 632 335 -705 -133 755 -895 826 770 -686 497 -67 -125 867 494 322 -952 379 -458 194 915 -401 997 959 518 -397 597 -651 466 307 393 219 713 -921 440 -266 -313 500 -208 325 669 -108 744 -702 -36 -883 -287 -106 -192 -338 298 -843 440 -52 665 14 935 -161 -82 134 -570 -12 821 -143 574 -310 71 364 584 425 224 -97 -131 -574 -780 -842 -141 247 -901 778 378 117 288 413 672 819 300 -326 17 -121 -798 401 -765 -203 919 603 533 103 -36 93 -504 -266 565 670 -762 -484 583 -909 328 327 -59 -730 -910 -212 428 190 826 -631 -716 -79 -102 -638 376 605 -129 -133 -295 648 -486 -989 832 -935 -252 144 -241 186 -20 -391 -208 481 870 -36 630 899 645 -272 -407 544 38 -798 -883 839 -69 150 64 -209 896 212 550 -940 178 -270 -801 217 617 -26 411 -871 512 -925 560 -213 -190 -973 336 -444 -517 -792 -224 -299 60 250 384 -560 718 787 495 -366 145 695 -59 -761 -735 172 905 -652 544 32 83 -636 230 -640 229 450 792 -354 -47 -533 80 -652 -567 821 -725 -530 -652 -809 -465 -757 147 538 -572 -990 -654 -542 671 999 488 -334 594 666 -650 241 -247 936 657 -615 564 243 254 326 -805 -348 -436 -400 -552 -799 -270 306 -575 650 422 111 -26 354 479 332 882 -669 508 -977 174 281 887 -830 -322 363 131 -748 -315 857 290 -759 245 761 -520 -939 141 367 438 852 999 212 800 852 -201 -425 -367 25 110 24 79 908 845 611 650 -396 -527 323 628 -273 -396 27 -413 -225 102 -154 -818 958 -245 932 -740 166 1 -266 143 -842 715 -229 692 -439 -485 751 392 -376 781 778 -483 82 622 -599 666 -302 -615 201 -726 427 -698 407 -250 130 -230 502 144 -48 998 -788 237 -847 496 -174 -288 469 518 -386 -327 -172 312 -750 -779 -648 912 -359 455 -956 860 979 -949 989 200 -16 -352 437 82 539 -699 -218 -789 -138 -177 -253 390 514 -67 163 105 922 77 -543 77 413 -777 238 156 852 282 578 404 -810 -722 -616 233 -94 277 -89 -936 821 -372 477 -21 293 211 523 -863 -659 -555 -954 223 -126 -985 -588 -172 737 -637 -613 962 -549 -123 -360 -134 757 998 699 -427 -672 792 -70 9 275 -747 -543 497 76 -740 809 -994 -96 202 -353 535 222 779 -480 6 609 -367 148 18 930 -35 575 90 36 -648 173 -408 -862 817 -282 -667 981 -257 987 -862 463 242 -576 247 -1 535 -560 -785 -746 803 853 -370 -229 -128 -603 469 -931 921 -181 160 -247 -392 433 -343 -161 889 -783 -664 563 -484 -758 -686 583 351 -207 702 -630 -234 623 -101 922 18 882 976 254 -390 123 770 569 -373 -220 -617 -839 -870 180 -553 215 158 -940 -368 -870 398 657 848 874 -314 -470 824 -624 -596 671 763 -55 766 431 848 -883 -84 234 761 -779 -63 -651 116 875 35 40 -973 522 626 809 529 -293 -814 -173 916 -698 764 445 -692 6 -299 -519 -364 -64 778 -212 -931 236 215 -546 -434 577 816 -515 -929 -571 -758 -484 -458 961 748 -527 749 -912 701 105 539 262 180 669 -538 -184 105 831 -183 557 -627 -554 783 817 176 -586 -630 131 303 -235 944 -527 527 -136 -411 -29 525 -613 -11 -119 -106 406 -747 -927 -194 989 -675 647 230 655 117 -687 42 936 814 747 208 -963 339 -226 348 387 434 424 -214 -933 -685 -604 -107 -739 -451 -995 -997 642 -726 667 -54 -637 566 -801 200 -656 908 525 -368 -686 -584 224 238 739 -636 260 -391 -395 54 -92 -4 -265 450 952 -800 425 -53 -931 -958 767 739 -76 -160 -765 59 -440 697 881 686 -527 332 516 -35 -906 -739 756 -278 787 -721 67 844 518 -72 606 793 -184 -988 -807 418 -775 -189 116 -971 130 -225 606 -850 668 248 -226 -194 997 510 291 -961 -993 637 542 106 -439 -313 -596 924 -763 -602 -44 418 -333 -205 174 65 -151 -507 -873 685 -419 -648 774 -787 -275 -533 507 -96 -391 631 186 305 371 942 -471 -345 -534 -687 -789 -567 -276 -466 -585 -109 741 -373 197 -362 140 -879 375 833 -153 -909 272 -567 -671 849 389 -137 246 38 -65 92 -778 277 73 -834 -706 -819 
652 715 206
803 826 -860
326 574 669
421 729 679
259 531 -409
913 944 566
356 646 -480
747 844 -746
520 939 11
365 707 -604
891 920 -40
478 663 -893
949 949 240
569 891 468
358 918 -18
90 403 -745
812 870 -948
393 924 619
79 830 502
524 571 284
210 485 127
356 664 -381
490 611 246
781 868 62
556 810 901
798 921 -975
470 636 139
178 877 797
551 932 581
653 727 415
192 643 361
918 938 760
51 498 -692
666 804 367
76 801 -243
700 775 320
513 721 769
154 416 542
697 824 826
622 644 -627
781 893 984
892 895 298
339 394 -288
260 791 -488
383 950 421
522 747 304
697 819 -299
14 403 -470
131 433 -198
128 826 -751
90 735 -827
97 327 717
267 582 7
258 813 -864
839 936 348
772 788 -395
268 558 -698
585 687 566
17 887 261
844 922 -960
130 240 -351
803 832 537
38 520 122
277 878 619
799 898 -541
903 916 -516
74 899 127
261 387 868
646 842 -40
106 726 801
347 371 899
223 452 659
814 844 737
240 720 -732
186 335 339
944 950 785
938 944 -335
99 427 568
558 786 -57
369 452 -804
510 864 514
313 347 675
439 466 888
193 360 345
236 427 792
436 636 -911
45 939 -499
610 771 -486
186 234 -292
421 905 -202
367 749 593
100 484 -532
736 765 235
280 704 538
772 776 -430
416 437 17
332 608 -317
164 908 -899
781 870 -185
583 585 -428
357 704 101
766 777 836
736 883 803
649 792 316
247 498 421
164 287 31
622 783 -557
106 777 -417
946 950 122
525 717 407
412 578 102
847 919 -787
424 872 341
729 810 376
16 75 147
799 903 -879
328 626 38
585 938 855
191 747 -608
133 472 866
784 926 -848
49 202 -164
543 573 -119
396 505 491
374 704 944
737 916 -777
424 834 -685
880 941 -496
440 769 277
582 949 645
69 273 -227
891 921 -104
546 750 -875
910 928 -944
783 802 289
682 893 -10
56 915 -94
589 791 -645
886 915 -368
40 175 342
5 774 191
470 554 -784
35 735 -156
145 343 570
609 641 -880
251 617 387
685 933 -795
785 854 -809
210 686 -895
731 842 870
569 928 -808
555 891 453
490 511 -201
485 934 499
780 880 471
394 936 -489
410 718 -435
318 822 -766
936 938 13
943 948 -123
304 699 -488
742 765 418
741 837 35
527 636 -680
441 890 -491
277 752 161
605 619 -83
688 857 -577
749 907 -733
615 915 610
12 341 439
674 939 778
704 887 360
790 896 -935
712 927 877
695 893 109
308 869 358
159 314 286
319 434 443
1 532 -548
949 949 -519
471 782 800
148 281 124
824 829 946
845 949 779
801 923 -560
692 707 853
717 785 -483
269 557 637
875 899 -859
641 906 422
839 908 -412
363 526 -988
337 730 499
721 933 -421
407 826 350
308 573 515
17 405 233
111 654 -812
756 758 -693
473 519 -993
81 114 19
562 876 526
819 873 -395
235 401 -295
793 848 157
524 946 696
593 608 -495
198 342 -701
109 518 -669
652 894 -645
422 768 -646
211 296 -700
361 900 -329
729 905 870
207 834 715
539 807 400
879 924 -21
573 892 161
797 890 819
929 933 -85
431 936 -743
515 565 270
583 784 996
757 847 -971
161 877 -99
349 423 -996
167 443 -36
191 553 -496
676 913 660
591 789 -23
406 850 597
400 558 659
136 509 943
746 896 -939
104 336 78
470 495 -984
345 669 -640
79 356 158
532 928 -426
581 938 -88
684 714 935
388 492 716
766 804 483
278 791 -217
363 450 761
89 880 -88
600 664 748
697 817 -735
18 460 386
211 500 697
833 935 830
263 458 -975
207 476 159
171 419 -259
295 670 894
841 930 -357
632 700 -166
194 773 -407
627 662 418
216 502 -722
480 907 -11
77 891 926
84 725 832
775 802 914
119 464 -237
646 778 770
922 945 947
334 355 164
578 621 -348
893 938 -845
415 542 -921
320 798 121
67 383 -539
521 934 -389
890 890 -627
800 846 -225
281 872 658
166 581 -708
900 931 430
128 203 -132
249 911 531
677 946 557
85 149 -694
333 812 -175
761 928 458
152 362 399
277 642 434
151 719 705
736 885 -442
788 883 121
534 568 227
305 927 -599
227 626 892
923 929 700
859 899 -686
314 550 108
621 896 954
573 867 179
243 653 180
516 707 -358
876 931 -45
192 801 739
781 852 70
413 703 60
411 436 235
97 373 512
443 850 -454
130 689 -339
630 736 -360
629 788 183
892 915 -376
795 900 104
861 924 -573
878 882 553
835 944 29
596 759 -330
146 561 -871
466 623 469
942 942 -142
783 840 -977
690 806 -4
200 394 102
286 858 109
240 809 -250
77 755 -191
585 704 -776
854 944 -308
891 943 -916
44 931 -15
115 547 -980
329 469 -162
514 949 -757
82 177 637
386 655 185
354 392 -420
830 895 -782
539 723 -922
579 648 -215
699 887 -520
432 693 -391
844 848 45
655 915 -436
379 740 -178
260 407 847
627 814 337
759 928 350
711 868 846
501 613 -511
448 482 766
671 910 -160
616 696 -694
368 672 -260
385 555 -20
140 206 307
180 778 -135
665 674 333
152 623 -639
273 786 403
199 816 9
543 917 237
224 570 467
21 102 -740
925 944 -967
518 676 783
898 900 157
591 681 962
201 465 -797
644 943 -765
913 933 -233
552 774 493
721 764 -117
878 927 -892
439 855 584
289 893 -449
536 574 744
601 603 124
448 854 -231
537 909 -626
947 950 -64
391 458 354
222 570 756
698 886 152
638 939 310
368 847 -257
657 943 265
893 948 -146
685 906 -472
362 946 -590
444 808 -141
832 948 434
359 522 -787
578 919 -694
125 213 290
829 928 608
174 573 -702
865 873 -33
793 835 -554
602 602 -537
536 825 -416
548 634 -189
430 658 303
745 845 650
733 821 211
82 128 -529
203 380 807
928 942 -204
115 588 758
458 710 208
216 577 343
54 163 696
841 902 860
927 945 304
89 853 -244
537 567 -843
80 688 325
908 925 18
616 787 -29
112 453 511
439 698 572
217 818 714
659 718 386
202 872 -834
809 879 762
533 556 -79
868 905 -744
347 469 -181
229 326 951
504 895 -686
168 288 372
236 593 112
804 916 -318
164 516 68
429 821 -442
46 797 817
76 729 911
280 342 362
352 792 -384
639 777 -607
257 514 -302
832 928 -318
865 894 -841
907 915 969
571 678 -349
127 536 243
840 859 2
43 501 -305
417 548 643
129 264 889
714 870 398
81 378 -804
189 729 634
718 843 -707
680 913 825
610 770 387
885 894 865
135 327 -29
446 926 -458
189 332 115
497 634 589
463 629 -512
816 942 -245
269 269 841
208 252 -26
123 459 -229
876 913 176
912 921 636
136 238 -448
711 808 -490
87 832 -765
51 631 184
442 872 -195
388 475 235
413 911 -904
810 819 938
734 929 916
590 749 -225
362 597 -23
882 882 280
522 555 -509
858 950 683
133 699 342
646 740 -796
633 708 1
247 911 -728
313 608 -513
421 862 -757
948 950 389
884 920 -474
252 397 524
176 485 -163
481 536 -716
384 552 -463
225 703 -370
248 828 652
25 105 296
554 801 -695
254 407 -761
919 939 825
509 840 811
740 943 450
443 912 -357
199 404 -715
277 572 -74
425 590 -237
233 617 -945
585 658 -579
319 789 -407
303 309 -812
849 920 -529
369 520 -326
52 667 507
42 589 -358
485 658 47
458 858 883
847 869 -318
406 597 -9
486 673 -562
880 909 611
158 687 -956
262 903 -134
562 806 460
610 869 805
241 730 315
948 948 -525
647 759 917
759 794 -247
850 897 -213
798 932 222
597 729 710
939 940 -538
636 904 -799
256 498 -844
103 776 750
450 694 -3
85 944 231
349 422 -505
328 877 -408
26 45 -558
309 521 497
544 886 264
532 923 -201
834 906 -173
58 617 -950
72 239 963
252 626 327
811 948 378
179 470 692
494 623 87
742 810 -670
842 918 971
399 541 -421
345 722 -449
803 809 217
399 707 -982
718 784 -998
631 834 -984
790 857 515
156 375 248
930 946 88
752 778 -85
533 581 584
665 825 -187
129 692 631
471 724 41
551 750 886
535 671 511
565 613 -31
362 836 -3
500 863 444
521 699 -212
755 931 947
857 874 -871
16 366 75
495 734 967
305 729 -930
192 598 242
597 622 388
735 739 -163
910 922 -987
932 938 448
633 864 -130
683 936 742
463 784 -152
771 933 223
328 699 -253
47 457 740
69 655 -403
878 890 -477
257 433 -218
333 597 188
634 836 211
940 945 -571
55 112 641
60 827 -306
104 861 998
34 849 879
461 850 -20
737 740 132
274 292 -540
348 572 -131
497 908 174
496 610 914
511 925 479
326 415 -579
360 687 117
212 719 -346
924 933 -943
557 740 -645
99 596 226
407 775 861
778 823 -188
207 873 -530
260 556 945
661 760 591
851 948 -928
579 887 -322
855 907 -754
141 714 770
595 946 -548
435 942 -558
40 773 278
264 797 -776
250 415 826
103 338 -739
630 691 331
670 858 547
207 435 -669
20 547 59
4 144 658
211 565 5
868 868 664
319 814 650
98 456 58
223 653 -797
2 51 648
122 418 394
409 777 -327
289 549 700
240 818 -529
373 570 262
364 619 -305
288 887 -921
691 885 985
254 488 -450
525 863 -695
97 370 -555
495 890 -432
498 576 -180
175 516 757
362 930 817
194 577 635
711 774 460
96 381 -40
764 806 379
182 462 866
449 496 -302
542 827 61
532 681 274
931 932 -918
227 271 159
485 719 -387
930 941 941
257 749 -741
479 881 -355
332 646 -484
851 892 958
330 381 -130
397 607 -101
708 912 628
806 898 382
876 904 -423
452 454 -464
823 918 540
172 497 63
424 625 -773
697 806 178
105 654 310
297 717 941
755 948 679
128 139 913
245 406 -950
767 868 -980
620 773 34
892 897 951
168 855 579
510 613 663
194 355 -798
733 755 -341
152 334 -738
156 718 336
216 343 -493
3 921 -151
199 765 557
139 816 -951
294 701 -105
134 668 422
390 514 -110
928 949 -947
385 938 433
678 831 -70
26 184 705
466 911 926
268 572 -309
675 709 -266
511 683 813
595 658 786
532 647 854
318 590 -775
801 837 -737
606 868 -847
323 545 437
80 642 424
111 669 -438
86 841 -999
193 251 -856
919 919 -895
33 871 -499
868 869 838
83 768 -610
515 934 -82
572 919 -934
23 102 -520
215 599 -499
826 924 -588
439 514 -775
195 405 -459
642 695 -823
795 847 829
613 856 -467
287 448 977
55 232 155
52 278 986
11 448 494
769 787 685
46 502 -98
686 707 909
434 937 33
604 882 379
78 449 -660
492 924 903
542 550 -726
783 802 628
815 896 -434
149 517 -514
279 813 265
32 271 488
502 832 -178
677 933 -720
84 635 -482
887 922 -747
629 711 486
704 774 189
661 814 11
935 936 465
703 825 -419
403 620 301
461 832 426
542 577 802
350 943 -18
690 769 -225
860 906 753
41 580 410
148 668 -932
275 358 329
165 635 -657
185 795 87
234 328 516
572 727 -593
404 818 936
472 528 192
259 912 -345
198 650 -107
160 391 -64
254 334 375
479 486 -428
807 904 653
654 895 856
99 218 -524
430 789 -220
535 813 296
465 773 942
47 345 873
514 712 808
32 710 -353
82 925 757
835 914 214
446 785 -693
153 332 137
637 660 -311
857 861 303
351 677 41
663 742 737
218 375 -132
688 759 -928
915 922 568
443 538 -874
680 900 48
659 780 306
591 632 503
308 491 959
457 929 703
45 347 -257
300 803 -9
302 387 -26
272 307 968
118 166 108
443 576 247
907 934 568
651 804 -853
849 852 -866
720 749 120
797 944 -104
808 825 849
471 503 889
114 569 -191
901 920 783
285 403 71
600 629 268
327 862 -554
378 495 396
555 702 -412
165 742 -341
737 797 -808
96 731 -329
850 875 -902
604 614 -44
617 625 -598
261 659 48
38 507 -819
71 861 413
913 927 265
134 479 164
125 902 -456
906 927 -112
76 741 -842
760 842 62
222 799 -327
852 879 -495
224 456 232
152 551 692
331 583 306
466 823 -240
829 924 -686
706 753 483
844 862 998
522 796 86
802 913 -538
748 930 -535
87 438 54
834 932 -885
469 784 -993
261 495 -201
19 493 -798
17 421 -612
266 439 404
645 876 701
272 595 -533
118 751 -234
280 834 -471
631 907 175
826 942 104
93 678 -175
496 586 50
335 705 -26
739 867 353
544 613 731
245 748 746
671 934 -106
78 215 353
947 948 432
30 322 524
944 945 -750
583 912 446
710 794 -58
76 364 -650
26 664 -761
656 948 500
741 749 940
42 584 -517
781 855 -317
552 764 713
944 950 798
666 890 -226
920 928 367
743 943 959
435 885 -761
522 594 -967
907 945 133
938 942 799
469 861 -507
426 753 -826
943 945 -175
806 870 -597
544 782 838
141 680 -22
484 508 -829
832 931 414
590 605 746
915 949 -638
525 661 -274
281 940 -203
708 853 -131
671 900 -248
431 620 -796
80 360 -937
651 898 109
87 484 -678
674 715 -795
805 941 562
876 920 -976
468 929 882
759 945 -549
249 782 298
567 715 716
307 551 -372
777 924 -599
