883 932
59 780 701 -518 372 827 415 635 -532 -837 -547 -534 89 170 990 898 209 47 -178 -182 -72 365 52 -172 -662 -304 -679 -340 351 -105 567 272 -113 -565 247 -70 -74 771 548 281 -911 -562 599 -792 294 -146 535 805 -477 54 220 303 304 -120 77 -912 -551 -228 76 24 726 -412 444 -384 -372 -259 -90 -640 -684 -42 -569 -890 919 -710 -860 -652 -287 280 -296 538 -397 251 -599 249 -573 -658 -631 -214 181 -671 152 -397 217 381 -610 -434 -290 -823 -941 940 90 879 854 988 106 -336 -137 387 -821 676 282 649 82 327 -986 391 957 410 -280 726 -758 -649 445 -925 233 77 -727 167 173 -602 -128 994 -493 442 932 -881 106 -881 -390 -652 959 -823 579 611 795 49 669 478 -850 728 -746 -248 -644 -24 -35 687 -29 642 613 -246 476 -555 -131 -747 -12 -739 -178 561 470 -399 -892 719 -149 -824 -661 975 648 569 17 344 331 44 828 196 -47 -814 -688 147 13 -142 -931 -647 -503 794 -279 989 920 -163 584 -402 366 -100 -601 -244 -223 -167 -384 445 -905 191 85 508 -793 -943 246 -603 -557 114 -22 -154 -674 -489 -194 498 -711 -512 -51 667 -799 721 831 94 811 -271 559 964 398 -724 -986 573 -679 -532 -9 338 -314 -392 -801 -116 920 708 36 402 186 -977 600 79 -402 820 -775 -570 387 -573 -141 -12 740 353 -725 -69 -736 -448 -325 -832 1 -663 -77 818 824 -439 212 -303 959 693 347 741 807 -56 431 519 498 -678 -395 -643 -803 -959 -660 -381 401 936 372 66 224 -978 -640 -773 -983 -968 -426 -317 -98 -821 47 -813 -418 -83 -953 -99 -177 -485 350 -329 607 -198 544 -447 -783 -272 915 39 -730 -926 -459 -840 -923 -34 -251 -332 -889 -752 -110 -818 65 -584 -258 -676 121 -744 -472 858 318 -944 -406 -869 647 -573 165 -621 -448 -54 -283 212 -512 378 -794 -433 -50 -488 -167 597 832 -629 -499 689 36 466 -646 78 813 691 -903 948 872 -498 -29 -652 -692 -146 586 -262 -532 -164 -755 275 -377 268 -33 -731 -670 61 -474 505 75 -905 -881 -683 938 -514 -697 -283 -85 -21 862 -216 -630 -289 -733 -573 -661 -413 -287 -776 -390 375 242 -685 648 -117 -520 -9 766 -856 182 -143 498 -731 -926 -166 -318 929 -446 473 -145 -517 350 -358 -696 151 -949 -144 394 950 -365 -957 523 848 -507 -280 722 -900 -912 -920 635 361 610 679 -829 -644 -388 124 101 -62 610 -914 -122 275 982 223 -863 228 -726 725 580 -717 995 -516 -516 824 923 -822 -384 -905 784 970 -259 -448 767 -434 -485 795 170 -924 833 -345 -526 -557 686 311 -758 -273 769 -814 958 -597 521 59 -809 245 642 694 -252 382 35 804 -560 -349 -472 -838 -740 878 961 719 560 551 -441 -130 -379 666 735 -489 -294 -590 208 591 -231 118 -675 -703 -519 -321 -252 235 -637 184 -458 958 49 28 -953 402 -769 -797 -369 803 -463 -139 469 -849 -736 -889 708 826 591 870 -283 622 672 -570 -346 -762 686 535 -82 837 -838 -605 -822 502 -673 -196 71 -860 942 430 -973 348 397 -906 613 -319 318 -795 734 417 264 -727 787 -283 -330 313 -220 -658 789 -831 -485 742 231 -100 -677 28 -10 -591 504 -84 267 -562 886 508 500 -988 -418 275 -923 31 252 46 313 -91 -359 175 -635 -625 -371 -273 156 -1 -964 877 345 -277 889 976 -483 -635 86 795 833 -127 139 818 -828 135 -275 -533 505 397 -621 810 -354 577 255 673 -637 868 -254 -798 35 758 -871 -482 -555 360 -777 -635 -901 -603 32 96 -111 983 844 662 -515 -181 32 -525 -399 310 820 724 -388 113 -651 609 231 321 -405 345 987 -356 942 -950 -621 958 -509 444 -455 380 175 243 725 -65 497 344 -851 -645 -81 -604 -789 -32 -438 -420 -30 -315 35 -127 -234 -344 -281 -875 723 -509 -298 -56 -687 294 -334 995 953 240 -729 -340 -380 -926 -747 -249 203 -127 -503 201 -780 -749 453 -610 280 880 -816 523 -540 -218 -952 499 107 777 673 192 514 208 -187 192 -51 -837 760 -108 467 268 321 -680 395 -379 689 -668 -787 725 -224 -462 754 887 -17 -246 -199 -302 108 -409 316 798 -189 598 477 692 -852 -628 93 446 715 418 690 413 -635 21 796 770 -951 206 -146 -910 191 457 -453 -568 -278 -823 -874 108 53 -949 -980 670 -582 -203 336 587 961 206 -736 720 -962 -990 -905 296 649 -576 461 283 -985 -861 41 -570 -482 458 -759 236 -856 934 614 532 241 -847 45 -800 -434 -478 236 116 603 -518 -555 -397 -414 -696 584 6 12 -730 758 
594 780 -694
7 278 945
464 715 -138
180 841 -157
114 577 849
508 698 978
156 336 -838
283 393 -963
92 867 -262
42 746 385
211 852 438
375 589 478
403 551 532
568 691 166
356 720 -34
458 599 -770
629 683 792
683 738 -479
266 361 691
232 287 62
707 859 -859
485 791 -791
357 768 312
510 691 686
540 733 -834
576 787 -985
556 609 -746
787 863 772
881 882 361
590 661 929
253 262 -876
11 560 325
440 793 154
869 875 -494
112 642 -770
613 634 -335
373 698 -565
34 384 88
32 851 -615
762 779 -904
635 692 905
462 660 -788
862 882 -36
531 855 709
158 760 187
809 864 660
762 876 -1
367 620 -529
499 746 -293
547 851 257
543 651 298
598 642 -493
600 729 731
414 539 321
359 792 -316
750 787 234
806 851 528
867 868 626
204 600 513
17 414 -733
580 727 -380
491 568 917
426 688 302
469 797 329
105 218 -125
371 578 335
279 504 -817
465 612 619
520 630 626
654 681 256
853 857 -609
195 221 156
619 877 -345
213 720 -114
452 597 976
668 741 974
799 854 -610
674 879 928
797 833 953
193 825 166
260 584 961
536 713 -88
258 826 -621
701 730 -588
470 521 -742
89 285 -275
278 395 923
546 843 -35
431 581 -619
425 474 376
216 731 -326
537 663 512
200 208 567
156 516 311
722 791 915
233 639 -780
466 812 126
402 823 423
32 490 -301
108 758 987
139 581 -445
526 577 603
536 664 -536
703 806 491
402 546 849
603 695 -152
366 666 -948
485 530 -13
273 580 -742
593 608 -426
200 879 612
593 846 -420
874 874 575
680 823 668
146 849 43
446 838 -582
569 829 -422
125 753 -180
561 771 858
831 861 -30
418 646 374
95 735 -964
113 439 -853
120 799 -870
483 631 -566
514 688 -619
557 736 -654
28 758 -956
244 857 -319
709 747 88
87 389 -923
120 838 631
136 771 865
227 690 29
298 530 -163
770 839 -221
102 345 -442
234 595 -251
374 882 -417
38 582 505
64 856 -710
482 543 91
159 344 -895
48 280 -11
660 713 -342
76 313 531
398 643 372
212 825 -705
652 850 282
54 219 955
67 350 -826
431 679 -943
355 715 415
556 578 35
653 710 -760
655 813 -10
494 656 -165
489 689 -620
122 337 222
17 96 187
23 343 -286
303 414 -365
558 801 845
735 860 94
144 698 -114
514 555 -509
429 720 885
205 524 -756
187 552 -180
581 735 208
753 769 -591
752 824 -130
189 715 -347
353 641 793
790 868 -481
148 812 -976
525 760 609
38 364 419
296 622 21
288 381 -11
424 687 77
489 791 106
534 559 739
832 882 -251
244 679 649
829 843 -181
251 603 972
785 819 174
404 881 648
415 521 -471
725 871 -931
509 521 524
388 756 807
879 881 -42
773 790 -306
880 880 -290
423 423 722
114 823 -910
378 623 360
831 864 983
309 508 670
584 640 107
404 528 -164
686 864 648
232 324 767
199 310 710
816 846 374
152 254 -931
110 177 650
710 780 -666
214 331 -376
657 775 604
403 677 541
817 861 -692
260 608 -368
54 618 -562
351 417 427
710 720 332
56 304 -2
338 782 538
533 633 433
850 865 172
420 871 777
364 541 996
811 843 781
443 665 765
599 739 15
678 766 -405
376 697 736
449 661 997
577 667 925
620 791 -366
661 747 -169
595 689 600
839 840 457
236 242 -848
423 545 -930
305 789 817
764 828 -704
263 699 -347
632 721 -834
410 577 -320
855 874 -367
766 802 -801
617 796 601
698 828 -174
256 786 551
302 778 -155
200 577 -938
674 874 -719
181 411 -705
358 811 51
569 863 17
503 734 -991
227 336 -318
852 856 453
676 744 735
291 611 419
308 825 -639
124 401 154
283 834 -130
511 629 -852
204 739 78
603 778 -634
433 761 940
320 366 870
18 331 727
121 743 -815
679 805 832
874 881 -132
555 781 153
157 446 -152
84 207 635
718 876 551
584 869 88
716 737 -171
88 413 -61
647 734 -350
391 755 -788
41 601 266
307 376 264
774 876 346
590 818 673
512 598 167
512 628 -775
252 486 994
136 573 -312
474 608 86
54 826 -171
49 279 804
487 631 993
876 882 -847
547 591 -381
662 797 -558
789 816 351
562 761 -600
411 749 -983
734 754 -292
342 760 421
477 637 -414
262 304 246
377 716 -644
97 280 539
721 772 657
58 694 363
578 798 945
434 832 -10
360 534 -622
443 549 -87
718 822 955
762 814 701
182 477 140
661 698 707
335 747 -176
484 657 -858
825 882 -888
758 838 -697
534 807 111
479 668 619
314 354 262
379 520 853
674 773 -293
99 725 -218
519 868 -633
133 169 -425
519 835 135
446 481 -334
193 794 -341
746 834 90
342 503 306
760 788 536
179 695 571
303 403 -488
448 809 29
207 543 -536
879 881 920
46 403 -600
490 651 -358
791 828 -345
282 489 180
252 531 282
378 754 -143
673 759 -157
246 556 -91
141 755 -184
119 443 819
269 589 -900
805 838 985
734 752 9
537 812 139
85 803 946
140 701 607
324 581 -554
147 745 -494
684 849 525
511 592 -330
211 504 231
299 524 830
841 854 683
465 541 564
228 795 -377
647 747 714
617 856 412
675 811 -548
733 795 877
13 553 333
614 662 -677
543 616 -514
802 857 -739
131 393 -594
704 719 633
632 650 -177
850 858 -918
339 663 75
738 856 772
13 755 641
232 787 -137
19 309 -991
381 624 610
735 781 576
287 759 -816
446 623 178
648 773 213
776 875 -171
754 809 -888
321 879 -510
739 795 -903
393 626 552
53 159 -682
749 750 868
139 719 67
513 513 875
239 858 -23
189 287 560
317 843 262
775 834 -403
711 713 -704
678 680 -117
782 801 -544
674 745 -688
118 386 532
849 873 230
413 468 888
81 692 -742
689 858 -316
190 400 743
411 728 918
241 609 206
292 366 221
874 876 -860
65 69 583
130 718 -82
192 707 407
646 824 -760
560 635 170
586 623 -853
257 596 407
625 682 699
494 653 475
621 750 -4
470 685 327
359 870 -763
163 430 912
661 745 435
23 409 708
679 749 -925
635 706 112
622 792 -725
463 500 -989
622 695 967
170 505 335
638 640 -332
430 549 -885
350 457 546
357 554 -717
113 524 89
428 577 -861
647 797 874
332 367 240
520 578 263
447 708 432
32 651 -366
538 764 156
52 667 225
580 711 279
863 873 4
61 685 -96
44 207 -68
519 864 -815
159 438 572
363 619 -511
681 811 -788
374 417 -841
136 788 -591
121 747 764
212 299 -526
879 879 600
487 771 126
472 771 205
446 773 151
562 578 -999
203 209 189
26 103 325
265 762 -763
17 471 802
578 801 791
611 643 -383
636 796 77
697 865 671
839 859 181
494 843 210
478 574 -164
301 337 -437
85 714 -395
441 466 -511
787 801 -708
259 545 -637
442 489 305
835 878 84
552 847 924
345 847 -202
821 875 19
768 875 -367
689 696 105
636 808 -267
880 881 -170
635 878 611
741 753 16
636 729 452
856 867 -583
781 864 90
651 772 -364
430 607 360
844 857 -516
534 580 -220
683 772 -504
320 446 -272
726 853 -436
561 788 421
399 817 -439
708 794 598
354 601 16
832 867 -247
17 663 757
530 816 -818
515 544 -567
30 598 715
135 364 276
175 865 949
520 738 -975
695 835 550
616 805 3
692 880 -858
523 613 483
717 736 -838
452 770 -271
699 829 509
290 871 756
811 816 -111
187 436 108
57 251 532
159 812 128
642 794 83
718 810 -612
482 611 744
290 785 -615
329 397 639
694 724 -773
363 455 709
593 629 103
185 520 -842
120 386 33
782 842 86
871 875 969
611 810 -847
563 819 -437
362 381 756
31 420 -827
418 720 -551
365 382 -870
250 764 833
722 791 -364
801 844 -326
299 411 -381
322 563 419
627 755 118
50 821 -845
228 424 293
694 698 962
229 574 -602
682 716 -741
704 867 -865
868 875 959
799 876 314
424 573 215
278 297 330
292 520 36
778 856 -995
242 666 740
636 691 262
751 821 652
283 320 -643
639 787 225
265 505 -419
16 851 512
107 466 450
852 880 169
581 614 924
362 675 -940
864 877 217
253 857 -186
168 194 -269
657 822 264
401 692 -961
704 704 317
371 728 -594
205 338 657
603 652 -15
212 603 -359
670 796 549
370 856 33
3 519 326
5 763 -398
290 820 -806
15 494 205
282 490 283
781 785 -425
513 743 311
167 725 -193
333 536 -594
657 756 -936
27 398 719
852 863 -221
269 849 -48
562 741 268
177 314 892
484 670 -561
829 864 192
771 832 -153
155 785 -446
878 882 778
378 823 169
260 556 902
586 639 966
330 471 -676
754 839 -706
379 436 342
651 722 748
667 760 -812
776 851 -525
321 556 -146
223 336 544
397 778 42
303 810 -31
651 725 646
191 665 345
497 725 6
462 651 -750
386 772 280
300 774 -980
827 848 195
57 863 -714
344 751 -180
681 694 -562
8 603 -865
836 859 164
760 819 833
467 579 409
837 859 438
760 785 -674
612 715 -297
724 863 -20
246 525 -697
387 650 -116
490 615 153
869 879 356
123 279 185
18 584 -356
262 871 20
353 667 -524
227 507 -45
275 668 938
307 450 25
132 550 -824
371 771 241
356 661 857
570 703 -608
557 689 -321
589 700 -477
60 834 -411
727 872 322
620 827 -904
709 877 -523
441 694 468
852 878 297
837 850 272
754 871 71
158 316 505
493 877 -997
413 656 341
477 869 -778
861 864 550
104 403 671
750 876 -888
468 572 -524
741 858 -196
350 792 788
318 501 -651
265 853 60
293 773 888
662 863 513
817 839 869
331 715 119
3 645 389
787 845 -747
559 760 -868
599 782 835
526 831 -789
732 804 722
93 648 552
613 636 646
299 701 -137
60 589 -433
65 165 206
16 516 401
342 658 -390
799 813 -129
793 855 296
376 537 -596
296 590 602
506 645 544
310 546 -697
456 573 -889
735 810 -356
549 590 800
591 670 -800
19 324 605
563 854 627
44 787 193
557 651 -300
168 235 -154
359 455 902
757 821 -911
30 814 -122
796 857 458
598 785 940
36 101 -626
864 865 -129
694 719 153
621 746 610
717 850 523
229 686 -374
659 853 278
526 763 828
173 483 980
727 815 14
416 838 -141
160 876 -221
391 826 781
15 32 204
5 435 497
478 763 -796
799 821 -495
754 837 -706
416 483 -907
870 879 205
416 513 -663
698 868 -283
43 86 567
819 849 40
220 377 -18
42 800 -572
89 577 285
801 846 267
393 450 632
652 821 -434
574 613 561
250 563 -631
827 855 -660
701 820 -796
457 856 320
442 861 844
667 673 344
782 808 479
444 733 487
582 829 149
439 476 685
258 849 -941
369 803 -203
207 862 -436
791 845 639
38 528 -201
179 300 797
310 735 925
767 877 818
355 492 -626
471 730 -506
813 876 -659
26 498 -63
548 577 -160
56 564 144
158 581 855
334 744 611
567 836 -767
811 869 833
283 866 -184
740 799 689
344 852 915
727 868 -29
840 853 900
20 826 -453
342 679 -755
482 657 789
486 763 118
429 819 -357
103 311 -162
546 782 -984
50 255 462
302 405 -71
318 473 616
98 128 -725
302 494 298
457 731 -546
446 730 748
346 644 -180
584 602 650
837 867 -320
578 659 372
447 578 473
396 780 385
256 548 179
618 645 678
165 639 -626
85 801 594
234 446 406
260 318 -418
487 881 311
294 698 163
620 828 900
683 877 158
482 545 -241
389 666 -288
306 512 -897
656 738 -588
814 819 -600
337 503 -994
710 853 -99
35 190 -551
282 465 -72
693 827 -254
152 441 370
429 537 -859
200 399 -662
94 299 731
786 838 -861
854 867 955
309 651 365
361 457 -172
578 713 -42
409 649 756
219 699 682
130 492 -457
412 519 -845
425 680 971
249 252 205
777 850 -237
318 510 -585
408 421 297
39 823 -812
586 646 -752
296 335 463
327 603 490
533 882 -252
641 729 724
187 361 324
514 629 297
112 124 -564
157 363 -360
483 536 461
656 752 77
552 863 549
48 869 -565
336 701 71
277 624 582
337 506 760
576 825 -617
516 578 240
420 682 761
871 882 186
842 853 -929
796 844 -120
365 435 -228
430 750 -959
231 458 -810
346 558 -334
830 862 -296
665 733 202
7 264 -529
587 640 657
515 757 -349
662 805 701
805 839 -916
214 810 -193
484 698 -54
727 864 415
384 460 333
868 870 -786
68 686 268
170 326 379
154 761 100
155 383 -845
666 785 -38
521 662 107
445 770 -223
354 662 -359
821 867 -147
416 604 -137
218 767 -978
279 595 200
80 799 573
359 687 -358
435 565 773
835 881 516
831 835 -441
507 624 -453
208 585 805
432 799 9
156 221 -574
358 584 628
289 453 897
484 784 641
699 747 718
818 826 282
613 626 -960
469 565 -799
680 801 217
470 797 152
574 874 344
865 865 -955
323 627 -487
267 716 979
187 487 379
158 472 -168
252 479 533
562 766 -808
727 753 632
711 881 -895
311 334 181
147 657 -808
32 558 -612
506 652 -384
154 300 -752
122 398 373
168 482 736
597 723 269
347 598 -967
176 256 670
56 523 -392
157 642 647
589 644 203
849 867 -690
29 808 -769
693 791 -384
56 170 -588
235 609 26
162 581 798
809 810 -469
478 706 327
519 646 380
678 771 -420
450 850 -13
54 813 367
