880 903
240 269 634 -819 701 -472 378 944 -219 -846 972 844 -375 -258 -527 -291 159 182 331 -587 135 452 -127 -198 159 -168 -652 948 -730 403 192 -230 281 -842 300 700 -646 837 398 375 -170 -705 -384 -824 -47 -655 -567 -223 318 362 93 365 330 -324 -375 515 227 234 480 536 69 -452 140 247 278 342 -174 -735 -188 -633 691 529 444 -482 -396 -21 212 794 687 -454 -538 -941 -295 -297 978 -275 -728 42 -924 506 -572 855 -651 938 -665 -99 768 -344 584 -252 -597 19 -783 781 -443 850 -664 557 -700 932 -744 150 546 -990 -457 -367 6 889 -137 -115 -73 -849 -776 752 -734 -311 -582 912 -974 576 242 -659 227 236 -284 587 486 863 -765 -471 962 -404 -745 -401 -990 -125 252 -712 190 -132 -170 614 418 277 629 923 958 -330 -787 -968 -664 150 -245 517 582 -210 -721 556 -205 731 -121 -420 -595 466 -242 142 134 -650 -198 779 458 -822 779 340 -16 656 -210 217 -345 443 96 -859 -831 490 -536 -769 -244 415 -471 143 385 741 310 674 -280 -454 -12 -694 323 -486 -433 -472 -891 158 301 -708 -377 234 55 328 -305 947 406 -863 -10 477 -979 -208 719 778 -292 724 -193 102 -755 355 -618 -625 -374 -759 588 -864 13 8 -648 724 918 -518 327 641 -244 -106 325 752 764 -878 -889 70 286 -8 126 -539 -98 -523 645 -868 265 270 824 -82 336 891 809 -240 -304 521 -505 720 -200 -651 -841 359 546 -247 581 -156 602 -879 -308 -846 786 -499 -433 -91 -113 -381 677 713 -263 -308 195 545 986 -561 714 -615 364 -765 927 -731 -867 674 280 -787 -575 -365 330 -839 200 530 -187 299 -190 -320 -529 209 -247 289 -74 228 -325 -739 -481 -886 564 -322 952 907 -328 -571 688 -188 717 467 -851 -173 334 -390 -210 -327 -223 -576 -599 -7 -594 799 -381 -285 494 -87 234 318 -107 453 -980 -826 -927 108 18 886 -484 -460 -718 443 -472 -366 -913 -614 668 -169 -247 -70 718 -144 231 929 -479 113 109 -327 765 -231 176 -805 -953 -721 -907 -236 -546 9 792 -471 -969 31 -328 -929 -699 251 -909 892 -114 -166 848 -827 -349 -978 155 177 403 821 449 728 -52 866 -833 131 -520 -200 95 -604 277 -961 538 199 838 35 -679 -228 582 -923 732 105 521 -462 -502 -814 164 742 -60 712 -848 -331 -521 -495 499 -679 -990 -119 383 928 758 -266 593 282 -369 452 459 75 81 310 226 -797 -824 -269 -120 -519 616 -792 596 -180 249 877 141 -739 294 -20 867 -46 -48 -441 -198 27 962 247 117 678 548 -768 -120 668 696 -222 46 -905 -544 14 296 419 982 -207 387 421 946 400 -763 918 655 79 -531 191 -790 922 309 536 690 -114 -321 700 -955 66 -725 416 603 701 -378 -664 -100 -822 -815 626 704 590 508 208 -919 -857 -808 -962 -573 296 19 955 -617 465 -373 -576 239 355 -61 52 318 115 -795 302 -195 -562 -174 -104 -852 324 759 218 -574 618 236 -206 160 976 222 -50 -166 448 -707 -560 -847 430 -197 -721 -591 -610 -809 822 54 -834 1 462 -782 -237 3 -643 9 -536 -895 -661 233 -588 -469 -157 206 -102 -332 971 -172 694 356 617 -346 -721 -741 557 812 -832 422 -179 890 -222 863 880 62 -78 -815 -80 698 554 -840 -802 704 413 21 -191 -744 194 -155 902 478 507 -109 347 -433 -395 -278 -659 885 660 139 -442 474 970 -518 -157 -43 -285 949 -832 -359 -395 592 337 627 156 559 51 -614 597 713 172 516 45 726 -360 508 -427 -767 -915 -106 -46 -816 -315 534 -843 253 -812 187 -675 818 -162 353 -922 -769 115 27 -961 360 401 737 37 24 420 -711 86 -584 110 356 -337 15 62 -460 -862 158 886 -719 -995 972 445 -40 215 295 254 886 151 370 62 774 661 -858 -986 -416 860 415 743 262 253 -441 -975 376 -101 -681 291 10 597 -555 324 292 729 -195 -809 761 -721 29 -140 -88 -947 -11 -564 -430 -399 331 164 -875 25 -831 779 289 -91 211 179 -120 240 106 106 -204 354 713 -948 -597 -661 827 -502 -662 394 123 236 -398 -557 693 -549 -99 239 -446 218 418 -876 -366 626 -528 -686 885 -560 -220 -729 -948 -395 -410 621 -256 -462 898 -863 -386 510 903 -816 530 -575 -945 613 -31 -95 -571 -325 -16 -41 -965 -374 502 923 -99 -352 840 344 997 88 -782 -199 309 -734 886 -954 844 952 546 -736 797 -189 48 -572 168 595 25 436 720 489 938 610 -125 -630 566 -998 -739 -712 -602 -138 -82 -293 -264 173 -732 -718 -229 825 
503 827 -348
431 603 -96
214 422 -27
341 664 903
765 836 651
184 861 261
395 845 49
56 348 271
843 844 -509
298 623 -485
686 834 -339
304 351 920
808 861 -466
603 836 4
442 592 395
450 512 -618
257 307 -707
521 689 -141
5 484 -973
752 758 -192
427 786 448
756 781 924
852 866 511
101 692 -34
132 632 853
8 459 552
516 574 -943
548 563 -997
75 809 443
527 530 687
409 537 137
240 741 -318
304 644 -419
789 852 822
670 841 289
700 775 664
616 722 502
55 716 -502
432 751 612
25 173 715
720 798 369
298 446 795
61 543 15
274 413 -568
45 623 907
141 727 -136
350 794 953
60 497 28
695 847 -966
491 649 -197
604 861 -710
128 484 571
849 856 996
147 739 -192
202 599 -268
242 668 -259
712 780 -872
306 760 392
568 760 833
566 709 -769
799 850 432
658 709 -846
394 726 712
691 735 671
230 784 910
2 788 -683
153 609 328
164 874 589
91 793 806
478 874 569
851 873 990
33 770 -403
275 727 529
216 386 -648
678 854 693
662 710 -489
259 352 -898
459 548 922
729 734 55
392 503 -981
579 700 933
583 670 654
361 768 138
64 590 -956
441 565 764
211 738 523
441 860 -153
458 514 -722
112 541 75
391 851 -499
110 432 -300
758 795 -695
197 707 11
306 675 357
464 762 374
110 759 613
647 693 997
790 833 -299
668 846 -912
528 560 412
802 879 647
77 272 -645
310 614 -379
416 661 -874
464 550 768
707 784 -994
686 794 -299
164 227 -501
702 741 92
181 580 -607
701 853 643
189 387 422
590 830 702
358 790 894
57 505 -983
618 742 -766
857 867 281
637 786 -680
520 806 19
551 785 -118
628 680 -453
463 799 598
5 67 956
723 827 838
487 802 462
337 820 226
844 865 -532
379 482 -821
229 626 -337
810 838 666
47 268 86
169 448 454
110 784 -69
377 601 897
463 512 -318
822 854 194
735 753 138
785 845 -773
121 576 986
131 783 49
407 840 472
870 877 -441
141 700 59
868 878 -767
340 746 196
835 846 829
777 865 -992
489 753 -185
390 743 55
233 860 -333
214 764 -13
219 397 345
172 844 -141
362 404 -779
29 393 959
92 391 -22
836 856 -471
374 555 -113
724 804 -860
520 866 717
173 728 374
549 726 -746
160 821 948
63 521 -34
477 555 -865
477 703 705
871 874 654
776 856 327
352 389 -405
403 455 -783
725 757 289
535 649 -352
217 768 -132
786 870 -942
45 207 898
803 824 -407
63 686 743
252 372 -767
556 672 -831
533 738 275
532 798 -924
444 782 494
64 552 -739
208 560 749
627 691 961
819 866 377
689 841 -488
130 397 629
89 103 703
804 825 125
4 578 -724
448 862 -486
815 866 -309
426 554 151
35 193 420
557 587 -127
591 626 411
283 737 -887
790 872 -306
770 870 -648
278 671 -912
604 730 818
204 462 58
872 875 697
443 797 -85
364 560 -845
166 233 562
746 801 -696
554 836 -705
87 608 534
545 827 713
255 411 124
45 654 -536
523 611 -233
660 663 199
678 856 345
423 490 -766
785 805 -598
528 736 591
484 603 -956
64 601 -727
194 670 -536
628 729 112
408 441 -818
645 799 -580
264 842 -680
275 549 -133
877 879 23
643 706 -713
659 851 -288
140 361 711
623 876 80
509 711 783
809 846 -886
489 737 -379
761 865 180
682 832 454
98 521 -731
121 842 -115
123 656 -542
826 839 907
69 254 777
580 724 -334
629 869 135
243 629 867
172 353 151
502 663 449
216 216 -167
541 776 -691
653 715 475
280 542 -482
68 366 86
456 808 166
18 177 220
630 852 -682
866 873 -633
345 814 358
859 874 956
443 554 665
851 869 -256
146 548 -184
264 265 235
622 746 933
23 105 -876
687 837 -957
224 496 -384
287 509 -201
333 590 -383
771 792 -114
461 728 -880
298 535 -53
735 764 21
70 565 934
789 798 -538
851 856 764
497 550 387
345 495 689
404 646 -780
503 733 -235
31 253 -843
750 879 -734
222 550 310
613 809 -9
788 835 -626
711 818 772
276 298 -651
787 857 -52
154 218 319
33 854 -952
121 661 336
793 816 651
587 596 -800
719 873 -483
830 871 661
803 854 863
830 856 -197
31 670 993
92 326 508
546 877 801
456 565 -302
87 421 -707
164 526 869
167 829 -495
875 876 -851
205 260 763
428 747 267
715 739 149
515 657 967
163 397 -114
820 864 -742
425 868 880
262 863 -622
518 558 934
156 404 -778
94 423 342
345 482 -284
246 545 153
772 850 507
309 342 -864
328 779 -249
713 848 -513
287 468 -669
754 839 -834
12 643 -864
588 591 442
394 609 -177
823 873 -166
448 641 646
125 831 123
77 170 961
336 777 -897
6 365 -243
819 874 -153
459 863 665
778 806 -287
593 743 -352
592 727 -484
864 875 -350
307 428 147
568 831 253
278 822 736
796 828 152
43 152 -938
142 167 -193
828 832 -529
480 789 -791
462 485 -964
204 467 -239
606 703 -984
163 279 -963
549 579 881
430 601 -388
357 718 196
809 868 -657
362 846 -266
86 654 -572
633 831 -228
305 595 -534
731 806 777
682 780 -535
495 789 362
155 255 688
746 761 437
775 826 149
337 587 -51
485 716 209
345 507 645
307 616 -720
203 818 835
79 557 674
193 878 -537
695 760 909
430 737 -763
135 625 -217
245 580 -313
633 645 -502
458 787 -268
605 765 -651
480 878 -228
195 529 -524
100 859 -140
662 738 473
536 712 141
758 816 844
684 776 111
491 734 643
694 748 900
645 646 -580
511 535 933
242 685 237
108 204 707
341 643 220
831 839 750
409 746 777
435 705 771
297 620 -663
258 482 362
27 727 439
808 835 573
481 706 224
868 878 270
118 693 -299
693 731 523
803 853 -46
431 525 873
361 795 613
816 835 476
610 810 -99
30 316 859
842 852 333
208 515 -711
67 183 286
439 637 930
800 812 42
660 688 89
312 317 298
74 847 -973
117 611 -928
168 382 -268
17 226 -979
117 193 -172
311 469 -884
739 834 293
83 321 271
458 632 298
462 782 286
709 846 711
200 876 730
850 852 -473
168 670 233
200 340 831
638 639 -807
605 631 -101
98 710 470
43 165 312
598 657 -978
389 840 -595
104 621 -748
474 516 -449
49 406 -48
51 508 -41
134 846 -608
862 876 884
372 626 555
180 680 -466
250 839 599
477 843 840
685 814 -494
50 685 -2
388 605 213
28 308 -963
575 588 -272
527 782 117
702 765 -662
232 489 10
7 829 -920
512 736 579
798 847 -770
83 356 -682
738 773 -647
721 830 693
423 539 -569
492 778 -982
712 781 -23
198 476 -88
794 838 -209
595 837 405
164 484 649
145 683 -128
687 718 462
482 866 -922
742 774 7
787 809 -572
452 569 179
771 782 -763
70 179 -769
401 484 -724
353 817 626
563 866 872
848 858 93
826 879 -976
251 870 -496
597 831 -483
387 539 771
60 664 -55
190 740 170
667 782 -17
98 448 -176
331 361 -644
3 431 100
520 827 -549
727 735 499
420 770 721
15 378 148
373 531 561
52 777 160
293 560 240
470 601 -594
48 420 967
839 852 -282
815 823 882
446 525 409
587 785 269
801 871 -283
172 597 -292
570 656 551
373 421 -659
318 801 -622
794 820 822
275 752 -619
654 813 713
417 853 -625
850 852 -985
193 419 -572
330 772 -99
771 819 -127
495 570 407
307 593 -491
621 675 488
476 865 -162
387 660 -793
145 848 -679
82 113 -26
511 797 732
567 685 173
823 837 -464
523 642 518
877 877 901
168 763 254
739 852 698
642 665 -484
165 670 -782
57 425 892
49 91 -853
122 877 -76
786 848 417
71 427 -253
509 807 -530
740 833 -771
267 795 -533
479 798 -55
364 498 900
426 796 -179
191 307 -995
868 869 584
332 488 -357
631 680 396
877 879 276
468 783 890
694 755 41
23 528 891
292 861 839
185 315 744
207 419 -96
273 366 121
781 877 874
231 550 -131
576 719 314
525 667 977
157 207 685
232 299 -21
88 333 -968
654 793 -758
238 554 667
52 839 -301
107 425 811
139 791 -331
735 847 869
13 258 -764
407 809 527
200 592 -50
444 511 48
325 437 663
842 870 742
766 808 -184
134 240 -830
286 291 756
834 878 978
768 834 -360
535 593 817
358 691 390
12 643 -587
36 466 -749
363 415 998
632 640 473
698 797 -389
135 546 518
94 553 -936
655 817 -902
852 857 552
545 741 258
318 521 249
136 280 772
297 687 920
296 679 -959
513 656 988
281 281 -289
700 755 -133
169 555 772
64 542 -834
868 879 -319
446 826 -730
686 700 -503
348 812 203
723 830 -905
740 842 -93
707 879 -853
660 683 -437
527 634 523
803 870 586
328 630 168
853 859 -614
354 713 269
658 849 913
693 783 -243
749 866 79
149 274 752
863 863 -870
666 819 -860
212 429 -589
414 604 886
195 286 15
445 772 -524
397 840 -870
285 354 487
418 756 346
27 359 -623
477 854 115
295 579 -308
47 432 -733
533 695 -555
682 788 614
310 346 -942
384 617 843
867 874 -237
328 536 -312
352 692 165
522 729 350
179 556 898
38 468 187
413 811 -189
477 767 763
603 681 -464
589 679 -680
717 719 -39
639 818 -714
534 865 -856
270 760 195
480 691 -985
181 742 553
672 867 534
804 864 -906
35 333 -485
676 839 -445
737 818 -116
575 835 493
775 839 -450
145 741 140
639 679 627
167 749 320
435 595 47
731 876 541
203 615 392
398 689 -35
326 370 -766
190 554 218
290 503 -647
156 608 -141
361 772 -510
663 670 -567
322 682 -265
825 833 -703
178 745 -173
703 715 -868
722 842 -278
94 345 900
127 589 792
289 458 77
485 755 -428
97 171 -979
464 762 577
146 754 -913
114 581 -275
428 629 979
805 808 -7
801 845 -279
285 618 -400
443 704 -312
553 720 -883
231 373 -571
66 474 -865
723 745 191
261 474 682
366 649 -576
86 296 -826
322 707 990
310 811 -510
198 599 20
142 529 -301
781 843 -862
538 757 483
441 861 883
538 601 544
51 97 -699
27 419 423
833 856 -687
53 356 922
720 826 311
387 734 28
565 659 -3
834 862 2
612 660 346
4 513 299
64 702 105
814 831 321
701 768 123
693 711 -886
642 835 -351
742 810 370
178 264 474
344 510 866
546 797 -272
822 831 -892
538 725 209
175 815 456
793 813 -594
509 679 541
96 844 376
368 476 -15
802 858 849
200 878 -135
458 687 -928
561 668 992
76 749 438
210 734 649
380 458 -628
534 787 -106
548 579 -857
468 693 923
171 187 -982
546 829 -103
859 861 985
219 630 -904
411 501 -56
576 830 -585
646 792 -739
480 704 918
20 858 -111
52 573 -915
34 512 899
695 775 -914
45 578 -520
494 636 890
495 510 527
162 781 -716
285 500 -772
168 705 97
552 584 44
507 629 218
287 707 -355
845 875 69
733 834 140
229 256 661
339 365 758
567 849 -553
92 600 -195
698 821 843
634 694 942
542 658 234
117 437 831
168 290 792
261 376 103
207 557 -977
800 868 -576
760 853 -150
845 858 -343
29 303 214
275 486 -444
327 804 256
860 875 849
45 137 -158
490 616 -649
450 552 -392
52 743 -665
572 760 -211
485 488 -216
328 836 -524
252 563 586
664 835 -565
493 715 965
97 573 -67
181 467 -118
811 878 -19
642 652 732
221 527 -923
196 238 972
142 393 518
596 741 485
475 642 974
391 824 65
673 735 868
779 820 -682
72 111 -69
134 225 686
741 868 -205
802 836 998
67 139 635
585 734 -312
255 507 -646
286 618 -798
341 600 -953
668 747 -96
385 578 559
223 776 370
278 656 -911
724 789 630
334 675 -21
25 827 -199
236 539 352
609 677 742
258 830 -874
396 566 964
244 377 -539
441 862 -265
696 802 -949
762 781 603
470 851 -613
252 587 566
642 703 -784
181 701 -271
623 653 -366
537 537 -952
429 450 -597
386 556 -909
355 850 -330
766 776 147
164 832 362
185 224 293
391 698 -848
779 792 -868
345 644 -673
538 877 -773
506 756 -421
857 863 -266
373 464 -547
788 800 970
722 770 743
851 877 77
529 747 -704
870 877 290
419 499 -519
338 666 680
767 801 -277
211 731 590
682 842 27
319 335 -895
175 703 874
805 840 313
156 634 -858
540 776 -995
470 772 -292
658 850 -658
21 130 846
581 787 511
741 812 288
787 860 385
267 327 -638
647 670 196
428 433 -188
261 551 854
334 854 977
814 817 -582
405 731 -625
156 299 227
396 744 -154
271 311 68
532 560 915
386 835 -910
658 809 206
665 744 505
673 791 491
122 179 -609
197 503 716
653 665 776
609 763 776
574 669 -289
404 711 237
284 498 321
114 562 -873
475 711 236
491 537 950
699 731 -415
69 161 -850
214 268 450
234 768 -715
653 855 -680
326 817 -873
174 324 879
466 569 -704
354 547 -253
245 398 -890
818 819 -477
159 374 -876
