74
90 55 55 84 76 17 47 14 32 71 55 80 90 54 98 14 12 77 33 10 42 71 46 6 59 83 43 90 57 70 11 81 79 82 48 74 7 14 76 99 51 56 19 59 27 44 79 4 97 67 28 12 22 76 88 11 82 69 39 42 95 7 19 20 55 84 100 12 79 25 77 82 88 28 
54 50 34 79 76 84 12 10 50 56 50 35 4 54 9 63 78 76 87 30 58 55 88 88 63 90 1 42 85 98 66 78 70 45 100 85 43 29 68 46 92 7 68 49 7 60 50 95 73 84 80 80 45 0 22 66 20 96 75 76 42 99 8 46 0 20 29 14 19 76 11 91 35 73 
65 22 39 20 84 57 84 74 51 58 6 71 46 22 52 16 14 63 42 75 83 55 63 2 80 46 36 99 27 37 29 14 3 90 76 21 5 94 88 43 92 66 11 40 4 85 6 82 21 79 73 12 70 4 56 2 33 39 17 30 62 46 38 70 89 23 88 62 89 14 75 16 7 9 
57 60 45 21 25 44 0 6 19 50 37 53 34 13 49 38 45 50 65 33 64 4 54 81 36 6 91 8 15 90 86 34 68 73 96 18 57 88 67 61 70 54 29 85 20 73 9 21 28 54 8 18 35 68 82 51 1 68 90 71 31 18 76 49 26 66 2 66 28 63 16 46 96 14 
4 92 61 5 44 15 65 34 34 14 37 51 26 89 37 12 99 71 1 53 17 1 43 38 75 11 90 21 40 36 66 37 59 26 39 35 99 25 89 14 36 57 8 44 81 85 74 87 6 14 18 67 23 28 90 94 81 87 65 64 96 18 96 37 65 47 25 90 81 11 81 57 45 11 
53 58 48 45 85 0 81 84 34 6 35 18 93 72 10 95 6 54 4 40 75 18 38 92 64 18 0 47 26 5 55 85 75 80 18 62 82 10 59 56 2 4 39 19 8 24 9 24 4 15 3 56 38 83 17 25 77 98 66 70 92 81 22 47 84 18 59 47 44 94 89 68 81 89 
45 42 25 18 37 93 58 8 74 27 55 14 86 2 63 73 55 86 8 71 21 49 71 91 50 41 67 71 46 14 53 85 28 97 59 97 48 53 45 78 76 24 61 28 7 62 71 82 16 32 29 16 70 84 60 24 52 79 41 5 28 30 24 56 12 63 28 30 5 60 36 16 79 16 
53 12 35 62 4 83 46 79 13 93 46 91 2 9 36 2 32 34 71 1 59 23 19 68 49 43 75 34 61 43 26 12 100 2 24 13 11 82 22 72 38 43 82 89 46 59 32 94 56 79 26 50 67 54 30 82 16 32 84 75 87 18 34 70 60 73 30 80 7 49 59 41 53 99 
46 91 43 87 100 60 48 3 63 60 45 57 91 78 89 50 13 23 27 33 43 6 44 7 11 94 35 14 33 53 96 48 65 75 71 6 23 48 34 37 99 26 94 51 31 19 24 30 69 53 63 65 45 39 18 38 76 74 45 52 25 62 63 58 0 78 76 14 81 68 63 34 62 77 
88 10 16 85 47 31 75 42 99 38 72 88 84 98 68 93 90 32 13 96 18 42 81 82 72 60 4 26 33 56 7 15 61 22 93 50 34 46 30 70 30 44 94 11 44 56 98 18 75 31 39 92 64 12 2 73 6 41 86 71 16 37 24 1 56 56 69 98 1 86 74 11 10 79 
88 36 99 82 28 65 55 78 98 60 53 18 20 43 100 76 16 4 83 41 97 68 40 54 25 2 99 97 23 82 82 78 85 36 11 7 30 6 82 33 3 61 88 39 28 35 34 71 27 47 33 75 29 99 58 31 31 60 12 66 5 21 80 41 29 35 69 77 11 43 13 92 51 2 
73 18 80 81 80 35 64 50 39 52 57 27 81 72 96 89 6 99 66 12 91 83 73 66 23 38 31 82 45 91 60 62 73 64 40 87 72 98 80 64 29 52 29 53 51 62 57 29 32 32 36 46 39 39 85 73 83 37 72 96 82 73 28 38 24 8 63 80 62 22 47 74 42 69 
97 0 80 94 69 70 64 37 96 32 64 22 8 34 76 74 17 8 31 34 20 25 59 98 78 96 57 72 20 41 13 43 38 21 96 64 4 97 31 61 81 40 93 98 28 60 31 12 61 64 27 59 29 76 6 11 57 97 13 82 1 40 59 7 47 56 47 38 61 97 34 99 61 85 
93 81 26 77 82 6 57 70 63 48 20 3 25 54 20 59 88 5 92 31 36 76 74 76 38 85 60 46 2 1 9 24 71 71 3 23 97 37 53 8 88 26 59 76 83 9 75 48 28 5 62 21 26 18 44 73 85 12 58 1 95 96 12 89 54 43 29 68 70 39 37 45 60 10 
39 49 37 69 45 75 72 75 31 48 43 7 58 58 34 11 27 20 9 47 38 82 16 65 12 2 12 9 4 90 41 65 17 15 63 40 77 27 100 24 86 36 76 60 84 74 13 25 57 97 95 50 34 19 4 25 82 53 44 21 17 4 63 95 67 100 99 25 7 32 4 69 81 20 
60 3 67 26 22 22 25 16 73 17 3 4 69 90 89 31 46 70 75 81 67 32 98 6 11 68 58 12 32 49 95 68 39 25 26 99 70 31 27 73 47 41 40 85 98 42 85 2 39 60 31 10 38 97 26 31 34 77 43 95 78 82 50 4 40 56 61 8 48 50 52 47 19 59 
26 83 89 20 85 94 76 0 85 75 4 51 32 38 70 40 45 70 51 14 81 31 73 67 78 28 71 31 88 84 18 56 93 26 0 32 88 79 90 36 51 24 20 82 84 95 100 5 99 17 61 47 88 46 31 87 49 16 8 26 8 82 65 100 21 49 61 64 96 67 7 16 55 89 
55 69 38 20 26 35 58 15 82 16 9 12 92 40 50 80 10 37 64 4 25 78 27 71 14 42 68 62 66 77 83 51 92 34 63 81 77 41 37 74 42 0 93 91 97 22 25 31 99 70 36 44 22 25 92 88 37 70 57 40 93 2 5 96 3 66 41 99 21 8 98 58 32 54 
13 98 17 65 89 28 8 85 58 36 10 63 54 76 14 93 19 74 39 36 68 34 18 54 20 66 26 17 98 19 72 64 39 24 28 65 56 79 64 87 71 3 94 19 47 46 18 26 19 56 85 85 47 67 65 15 21 67 29 45 59 65 83 64 45 84 77 68 57 80 94 18 8 90 
96 48 37 24 100 72 77 52 73 15 12 70 59 59 36 9 14 93 74 59 72 77 15 57 95 53 84 6 2 18 91 62 0 12 89 51 36 65 14 67 18 39 40 29 71 49 79 2 58 22 99 57 1 35 80 36 47 47 87 41 8 5 96 89 33 35 67 18 38 33 22 34 79 60 
79 32 29 78 90 61 31 64 45 78 79 40 35 85 100 18 50 18 55 53 67 33 68 86 1 43 35 81 43 77 4 12 25 73 68 1 100 85 76 17 7 82 35 55 29 78 73 51 90 86 40 50 0 45 8 22 11 35 46 23 0 75 54 63 40 53 71 35 40 80 69 70 15 68 
2 91 87 50 89 39 71 43 87 12 90 11 88 65 50 4 46 100 81 73 61 43 32 10 1 66 48 74 8 29 70 64 17 3 83 2 90 75 65 54 50 33 91 92 32 74 94 22 76 37 27 16 2 40 57 3 5 49 18 30 31 42 4 67 30 100 83 60 77 7 98 2 58 45 
32 87 38 41 27 1 82 58 11 73 8 14 96 64 58 26 56 21 6 33 51 65 45 26 96 99 78 27 61 18 57 94 5 86 73 1 69 98 80 53 80 27 51 71 6 6 70 78 87 68 33 33 76 12 11 91 27 82 43 61 57 1 36 39 40 14 24 29 39 10 76 62 35 32 
74 9 35 66 22 90 19 72 76 4 94 86 79 20 61 52 15 13 0 6 36 62 5 35 27 60 36 30 18 71 32 29 71 17 17 74 22 61 39 32 81 71 53 75 11 34 99 3 83 33 50 3 92 57 94 23 0 37 3 17 0 16 60 33 68 40 22 24 9 77 68 92 5 50 
25 73 100 73 82 48 23 34 84 14 29 19 70 96 55 69 28 70 75 0 81 33 66 83 67 51 97 88 77 49 55 60 49 40 92 58 16 28 18 43 92 5 86 84 87 69 80 88 51 98 88 6 76 46 96 8 0 30 42 21 96 4 19 59 28 19 0 27 64 70 75 47 83 84 
13 52 38 12 71 61 34 40 63 79 78 11 78 68 14 31 87 40 37 72 65 56 65 96 48 90 0 82 24 81 86 12 79 22 34 53 88 39 19 59 9 66 62 63 14 25 70 90 66 97 55 11 42 1 63 39 80 83 89 51 51 90 84 33 13 37 36 72 53 99 51 49 51 52 
48 36 93 29 21 30 8 61 7 91 13 82 19 35 1 43 81 90 94 20 53 67 9 28 5 51 52 33 47 55 42 3 21 85 79 24 71 19 9 45 80 48 81 86 50 87 87 96 69 56 64 50 28 30 47 34 17 65 39 35 88 21 25 37 52 46 26 67 78 15 1 66 49 86 
68 0 81 76 79 55 41 96 91 10 37 45 6 99 37 13 16 50 58 45 95 62 86 73 6 60 19 100 77 36 71 11 37 84 28 97 78 16 74 48 50 10 60 76 35 60 58 27 61 0 74 67 38 30 55 32 26 10 45 55 66 75 54 6 45 94 55 9 71 85 57 18 81 69 
65 1 68 74 93 76 87 63 89 72 11 2 0 60 26 91 10 62 68 8 64 3 13 11 89 46 63 27 56 57 80 68 2 46 30 58 86 67 19 38 75 7 0 1 62 41 68 37 39 51 67 75 61 26 81 10 92 5 96 1 23 50 81 91 68 95 20 62 12 76 86 21 74 24 
47 63 55 70 24 53 98 47 17 14 46 45 44 36 10 7 9 44 64 65 26 85 3 88 92 74 59 19 75 57 65 53 99 23 3 79 69 77 33 70 1 41 99 80 34 69 29 62 5 69 62 61 83 89 2 46 29 77 92 19 97 96 9 12 56 56 69 65 70 45 78 80 97 8 
96 16 65 82 73 14 60 74 55 75 18 87 53 32 92 81 59 22 53 25 14 8 84 88 74 4 4 33 28 73 49 86 53 71 97 58 3 57 97 14 87 60 15 90 35 86 26 41 40 0 92 55 80 53 14 63 71 64 74 45 7 23 15 52 85 71 52 47 35 1 22 92 65 100 
81 100 72 37 57 1 66 89 84 53 57 21 84 46 61 7 58 3 100 6 87 18 36 25 91 61 45 64 35 41 100 12 80 24 84 36 8 69 99 70 53 46 45 38 14 11 84 68 56 40 10 35 47 19 51 49 91 49 64 91 96 5 92 93 27 100 41 91 24 47 0 66 57 13 
25 45 35 79 67 32 20 35 55 78 24 19 26 13 70 47 74 85 43 64 99 15 0 23 90 64 77 15 54 21 43 35 32 70 6 80 29 34 30 95 77 57 66 51 0 38 35 86 48 50 3 42 94 3 73 40 28 36 92 77 73 32 11 62 63 65 51 48 86 66 7 99 57 43 
6 34 0 91 86 37 25 21 10 88 57 8 37 41 9 58 58 94 82 2 47 98 27 43 12 98 19 22 2 3 85 57 97 11 64 88 46 96 57 43 88 58 34 97 32 44 33 31 34 77 56 77 39 15 77 50 80 41 65 1 76 87 78 57 96 46 16 20 19 97 40 40 25 86 
84 50 79 61 39 79 17 75 0 0 79 75 1 5 29 87 9 54 62 87 100 14 26 86 37 14 96 13 87 72 95 16 38 73 78 85 45 12 5 24 20 10 58 43 42 89 42 35 96 93 12 82 93 71 2 66 51 12 99 38 72 92 45 47 18 66 52 70 7 48 34 5 23 24 
6 79 100 10 32 81 14 79 55 78 19 100 55 62 64 98 78 49 94 23 17 10 87 42 76 70 1 49 1 11 89 92 54 39 41 46 16 21 82 18 68 19 58 25 39 100 25 20 86 65 32 18 71 51 21 37 19 76 78 57 69 91 87 25 24 86 3 76 84 11 30 68 51 21 
90 9 57 38 43 8 15 33 44 66 7 15 42 48 0 43 39 98 44 70 74 40 59 54 45 67 94 60 7 23 18 95 79 71 60 15 99 37 79 11 88 85 51 67 29 46 51 31 90 100 88 100 5 85 20 82 4 53 25 69 21 48 82 42 85 90 82 90 51 58 25 31 100 48 
41 76 3 69 100 17 8 33 56 1 91 47 24 39 27 52 14 42 1 36 83 61 63 52 12 90 98 82 87 70 81 45 97 46 86 18 20 39 45 71 75 26 20 38 39 98 29 38 19 6 15 18 60 66 53 48 43 25 39 9 31 14 38 68 84 70 68 69 96 63 7 46 7 94 
55 99 34 44 13 5 9 39 85 61 69 27 47 36 11 98 25 45 40 45 32 13 57 29 37 9 50 64 65 73 64 3 96 63 41 23 0 94 92 99 60 54 72 80 85 76 79 96 48 14 1 39 90 88 10 93 17 36 13 76 29 62 94 5 86 91 53 38 61 44 7 5 72 2 
8 52 33 9 59 2 53 71 62 99 76 72 12 72 52 72 11 43 82 73 5 93 63 90 42 4 65 29 24 99 25 56 23 3 0 69 14 92 46 83 67 62 69 68 29 95 39 87 58 57 60 85 45 90 20 80 65 26 29 69 45 68 13 92 9 41 95 21 69 35 73 0 80 42 
18 58 88 38 92 84 81 61 40 53 45 27 48 15 72 91 24 41 85 46 63 42 33 32 92 80 4 42 62 45 61 0 92 38 99 52 61 29 85 81 3 57 19 8 4 50 61 68 45 1 0 18 11 0 67 68 62 96 39 93 36 20 41 99 36 41 76 45 75 33 94 45 10 42 
22 12 46 97 82 61 43 22 63 10 27 57 58 0 38 64 0 36 0 13 85 35 67 14 12 100 72 0 75 8 54 60 84 81 21 78 56 45 66 8 51 45 2 35 75 35 91 57 44 98 47 92 79 25 30 21 95 77 31 30 12 68 83 88 31 54 27 6 79 49 92 50 28 21 
76 76 63 16 85 86 77 77 13 70 8 83 64 33 44 27 52 34 36 74 15 13 57 58 94 100 83 92 10 34 28 75 41 54 57 28 8 34 85 7 98 23 11 0 93 68 57 16 82 69 82 67 9 97 15 24 45 91 62 85 7 12 41 6 12 8 85 11 19 91 27 60 32 16 
57 74 23 100 7 83 88 43 31 15 81 1 17 62 80 40 95 7 55 34 8 58 80 76 15 53 51 12 2 88 4 44 27 39 74 38 40 98 0 91 83 36 98 2 40 55 86 86 53 100 9 39 69 22 20 91 69 64 36 58 46 83 14 93 74 15 46 41 97 10 81 4 1 68 
11 53 36 25 20 73 16 22 91 13 17 45 40 57 66 41 95 78 95 98 77 3 73 32 2 78 89 33 66 62 22 5 40 97 95 55 32 100 31 80 40 99 100 37 12 85 16 53 36 62 74 86 64 7 48 62 94 64 70 81 75 70 12 47 10 66 19 64 94 99 13 4 25 12 
20 73 44 0 32 76 85 77 63 3 73 53 27 65 45 82 72 91 35 40 11 17 90 14 30 58 84 50 71 7 54 11 60 51 94 52 27 1 92 8 3 85 82 70 30 72 59 56 76 95 52 90 21 95 24 79 65 6 62 4 11 17 27 13 7 5 87 2 19 47 93 6 44 21 
85 5 23 56 51 61 1 75 65 25 37 8 30 5 34 70 62 33 97 21 78 94 53 17 55 91 77 96 52 95 33 80 34 54 38 88 21 99 23 69 9 65 95 5 81 18 20 7 84 16 99 0 65 95 29 64 55 17 12 48 43 48 56 100 9 61 68 1 41 16 81 9 20 59 
89 47 60 12 98 14 24 23 77 29 99 51 55 48 93 66 43 98 73 24 83 74 39 57 1 40 18 90 66 79 69 97 26 53 65 30 96 18 11 83 41 62 20 14 72 13 51 99 31 97 52 56 34 48 35 38 65 23 28 3 41 36 91 37 32 15 43 88 4 93 9 97 12 34 
46 17 65 46 52 54 24 83 7 17 46 29 34 2 33 55 3 53 89 81 19 77 70 97 16 9 90 48 57 92 59 95 28 83 34 46 11 71 23 76 31 77 74 37 25 16 99 66 79 4 76 15 37 10 12 22 68 10 64 0 9 47 83 31 10 40 100 83 94 11 94 80 55 17 
78 11 6 39 93 60 14 49 19 5 31 5 53 63 75 80 65 74 56 0 81 22 56 10 78 77 20 58 6 53 13 43 20 57 86 75 91 92 25 65 0 17 55 44 7 93 80 76 38 94 70 99 59 2 79 68 49 71 100 0 82 80 55 64 9 9 45 17 85 100 72 45 100 17 
96 95 27 63 38 7 88 15 4 23 91 87 7 85 36 89 92 75 84 58 74 94 54 90 8 72 99 20 85 82 75 34 82 11 57 73 68 74 76 92 93 61 43 43 63 38 64 41 74 5 24 71 61 89 55 92 32 16 57 17 69 26 41 74 83 27 33 16 6 8 45 73 25 38 
20 94 43 86 41 37 18 84 10 19 35 86 2 93 52 69 24 44 38 53 27 74 57 8 80 25 79 99 37 64 47 36 83 94 15 56 99 72 29 90 80 16 49 75 6 49 37 15 42 23 46 15 69 2 51 34 93 69 22 91 75 24 94 18 83 90 95 69 38 87 65 11 9 27 
79 16 67 2 23 33 75 9 27 35 50 26 95 38 25 13 9 4 93 1 51 92 59 15 20 45 25 37 95 33 87 88 22 7 13 71 36 74 70 70 25 33 4 87 45 77 66 52 73 33 87 43 100 28 97 27 45 50 71 77 4 59 84 20 98 3 94 79 72 21 80 16 17 1 
91 80 99 15 88 42 63 95 31 56 74 98 5 81 6 50 82 69 49 13 8 32 46 20 8 17 70 9 2 33 2 69 37 85 68 82 80 24 52 48 10 5 15 76 67 100 60 56 55 80 15 6 33 65 71 76 44 27 1 77 55 100 99 95 90 50 23 17 62 32 53 79 41 73 
90 18 25 35 92 65 46 30 73 75 27 24 7 53 76 54 98 35 70 80 94 64 16 8 97 29 32 21 12 97 82 28 35 50 67 30 12 43 63 63 50 93 47 34 17 81 85 5 62 25 15 27 9 87 40 47 63 63 93 24 18 45 91 27 75 63 20 75 23 83 63 34 25 57 
19 56 79 73 19 33 40 13 50 75 62 32 18 96 90 81 14 53 77 32 84 89 74 58 14 25 47 26 0 80 22 86 65 100 43 64 59 58 53 77 67 87 30 83 78 61 8 69 98 11 93 69 17 80 37 95 28 76 11 56 66 63 38 68 96 92 26 56 100 5 18 1 82 17 
10 92 4 42 83 5 4 43 75 3 65 73 42 99 63 24 34 63 19 58 30 29 77 5 65 73 77 4 92 78 11 83 81 70 57 29 51 59 52 95 29 58 21 8 47 36 60 86 80 96 81 85 10 33 44 86 70 3 61 94 96 35 37 60 24 81 65 14 35 71 60 17 9 82 
55 39 92 63 75 28 76 5 20 50 95 65 34 60 15 64 33 55 58 77 21 98 57 23 90 86 5 74 19 37 58 37 2 54 49 46 5 40 12 75 98 48 82 48 83 30 100 97 56 2 29 84 66 27 91 87 30 5 70 48 86 60 71 38 49 91 1 67 36 35 93 32 11 22 
51 78 34 100 90 36 15 9 72 85 18 35 55 63 27 61 74 95 95 66 43 3 73 32 99 71 75 13 99 54 11 29 90 9 74 63 45 4 96 50 71 45 66 36 37 17 54 73 69 76 9 10 42 68 61 4 6 89 55 64 63 85 63 39 94 17 99 85 97 48 95 16 99 19 
93 2 2 16 65 4 27 43 2 94 100 68 69 20 92 12 66 43 81 54 30 64 37 12 29 39 35 57 1 59 75 62 36 19 96 80 32 58 6 85 64 8 42 39 67 97 69 1 68 26 16 11 7 96 30 58 99 27 15 49 80 94 96 57 65 49 23 59 30 87 89 99 37 0 
94 43 76 1 15 97 27 42 37 90 8 97 16 45 71 67 53 33 58 0 92 20 11 38 85 53 58 47 11 52 82 79 16 67 2 27 4 18 23 11 57 84 15 78 20 52 36 50 90 49 6 22 76 50 92 52 13 92 67 32 52 29 65 90 94 18 96 99 42 79 24 61 88 70 
31 47 6 43 33 30 6 89 64 29 16 86 83 29 16 28 44 29 82 61 73 71 85 80 38 68 67 67 89 51 47 19 8 49 43 96 42 57 53 38 86 11 49 21 33 85 49 53 54 90 74 57 23 25 77 16 52 89 27 66 15 89 41 71 68 47 100 91 26 5 16 10 12 29 
31 70 66 66 75 71 99 89 87 20 60 97 32 13 76 9 11 34 64 61 30 27 0 75 64 20 63 59 85 43 0 25 88 69 18 93 43 81 89 10 12 16 86 91 5 80 60 17 10 4 36 100 55 93 8 43 51 20 39 34 49 57 44 89 16 90 48 51 82 72 30 99 24 14 
67 18 34 11 66 48 32 42 44 65 58 1 14 53 61 61 71 27 61 22 62 81 3 59 24 19 27 46 7 37 18 67 95 90 40 19 59 53 15 24 39 39 37 47 36 1 10 48 53 61 75 36 44 27 23 5 15 49 92 72 51 99 26 67 23 5 100 26 3 70 54 55 84 34 
30 2 37 100 39 39 25 47 80 87 39 19 26 26 35 89 16 14 65 3 29 77 44 85 63 13 46 99 3 3 91 51 14 15 43 20 72 44 15 84 35 44 31 0 70 48 94 4 32 90 75 61 40 63 10 62 7 49 4 44 3 46 62 55 86 9 23 72 82 61 46 30 68 21 
8 17 69 60 10 28 49 61 47 77 52 2 99 1 23 51 24 74 42 39 32 98 6 81 48 93 22 66 91 46 66 2 44 100 43 24 31 58 66 11 30 36 3 25 81 70 16 29 68 14 7 10 96 12 78 88 91 73 56 71 35 11 38 15 9 9 91 9 77 48 11 42 26 58 
6 23 56 6 61 84 17 57 95 12 28 24 35 69 11 21 41 79 12 11 76 89 61 14 95 1 63 8 26 64 71 62 41 7 21 13 52 45 52 9 7 34 66 50 83 44 3 59 83 56 18 56 59 19 35 93 76 33 0 90 16 89 70 56 13 42 42 46 6 79 81 93 53 94 
84 30 0 86 86 31 30 29 20 84 85 5 52 4 83 23 77 96 33 87 83 25 43 53 23 2 71 30 83 50 2 99 36 96 4 13 59 7 14 93 9 30 90 66 19 55 42 25 39 35 15 22 1 83 68 71 37 1 30 86 61 38 75 34 8 30 28 14 74 23 72 29 27 47 
23 33 51 62 18 26 60 4 51 7 17 76 24 99 18 33 14 58 19 21 90 11 22 17 32 65 66 9 59 55 49 37 91 34 53 87 16 49 55 86 76 97 1 61 96 95 63 87 95 19 76 22 7 74 21 14 45 74 41 13 51 42 22 66 54 68 14 87 75 99 42 35 36 65 
69 44 6 5 93 32 80 40 48 95 82 85 58 63 1 63 36 36 79 0 51 64 75 17 51 47 93 12 51 78 56 98 9 99 90 19 89 68 39 34 6 84 43 54 23 38 57 50 2 49 34 4 9 15 5 81 77 47 2 26 63 26 56 96 10 56 0 81 76 58 12 27 14 79 
56 16 89 75 84 82 5 50 17 67 16 75 18 1 42 10 55 95 40 65 10 67 2 28 76 35 55 72 20 94 58 16 72 16 87 79 61 7 89 100 10 44 44 76 84 78 3 17 85 48 14 34 68 58 72 80 3 48 73 47 88 24 72 97 76 16 29 98 92 22 61 27 2 43 
27 15 81 70 34 58 47 58 93 65 79 42 67 64 80 73 71 31 65 70 25 99 1 53 16 91 23 85 70 68 66 33 63 27 85 34 53 82 50 60 29 7 54 56 33 0 42 3 48 53 14 61 16 61 60 79 65 26 59 9 97 39 6 87 100 83 35 94 76 89 71 50 44 60 
86 61 81 57 41 40 70 20 34 57 88 31 96 89 85 75 61 37 57 63 5 83 97 57 86 75 75 65 92 41 36 54 3 48 76 11 28 26 34 32 20 51 97 6 86 23 82 68 27 55 44 81 94 4 91 70 60 9 24 17 80 46 52 87 18 31 2 45 39 88 7 17 38 87 
67 88 85 15 53 75 8 96 38 43 12 88 14 13 32 75 96 88 36 57 70 53 47 42 18 33 8 61 77 82 70 80 5 95 25 5 62 29 85 14 91 68 94 86 22 43 79 73 36 66 17 94 21 28 36 34 9 60 71 15 56 87 46 15 27 64 9 26 1 7 12 8 5 59 
3
