928 225
558 607
705 759
294 801
534 876
865 870
473 534
461 812
372 857
915 922
545 878
776 784
807 918
189 852
109 829
212 241
754 843
821 875
909 911
406 559
396 445
494 644
233 662
696 912
44 178
613 868
311 910
219 308
535 556
826 889
737 836
624 899
849 922
373 384
216 902
713 923
426 878
731 782
51 891
704 817
265 625
30 482
853 885
322 523
256 711
357 543
50 903
288 555
332 803
523 613
434 750
547 682
327 671
156 497
267 298
564 641
298 600
476 905
305 617
187 794
706 914
429 599
276 736
323 533
119 258
394 869
543 865
548 818
724 752
696 717
588 646
595 844
366 498
883 915
623 800
611 769
858 916
223 600
471 826
49 681
82 385
700 721
866 881
207 821
104 155
199 357
766 815
574 589
782 859
265 380
287 426
301 786
511 752
846 864
616 888
77 451
922 922
84 760
696 742
659 702
462 536
828 874
886 893
191 683
620 804
77 195
333 794
434 752
873 884
150 917
367 700
262 361
58 573
548 659
680 721
546 905
208 516
922 927
562 758
12 317
537 725
180 332
894 907
319 498
608 921
797 862
286 680
327 488
662 751
289 438
362 586
426 538
588 753
692 825
661 817
834 887
210 284
858 904
25 406
129 506
914 916
127 303
22 875
923 927
650 678
431 685
626 707
894 913
463 640
247 715
154 242
455 878
11 85
248 693
833 916
727 735
290 543
368 639
793 795
686 822
474 776
479 489
249 338
181 904
653 669
135 763
508 818
267 524
488 517
127 565
128 851
473 557
73 675
364 587
715 851
343 479
44 499
466 549
596 884
592 631
716 776
495 504
191 831
839 891
387 503
894 926
150 619
857 878
439 802
88 414
778 927
363 680
826 913
228 702
707 774
646 688
156 200
919 924
71 704
84 745
236 351
520 797
341 442
77 332
748 754
761 879
561 802
672 882
778 778
926 927
687 742
524 659
729 906
217 262
108 524
775 797
80 453
373 457
711 721
117 518
168 834
751 807
695 790
524 701
243 593
701 743
