987 979
803 890
874 963
670 738
891 969
707 854
309 627
446 708
549 714
284 775
328 481
561 678
939 957
322 424
547 733
836 841
82 873
86 322
205 266
346 373
165 527
614 770
831 932
960 986
493 920
602 885
57 353
771 813
741 819
325 845
315 529
133 348
581 682
385 459
915 940
350 456
238 809
583 857
364 555
845 983
118 363
861 882
140 945
762 976
324 960
697 743
129 694
250 467
829 932
349 371
313 651
250 278
402 781
609 665
271 665
518 682
221 845
223 639
118 509
410 428
837 847
377 419
433 618
34 816
205 963
292 450
461 853
456 755
278 360
203 297
390 935
132 347
442 633
563 955
265 425
304 430
522 778
131 291
915 946
196 490
241 312
763 789
83 182
948 977
51 581
144 765
775 981
971 974
129 226
101 240
679 957
167 963
694 746
326 802
871 955
325 927
753 967
184 441
781 810
605 961
556 767
854 922
499 691
41 872
285 490
715 771
544 831
463 756
312 793
766 835
932 977
443 962
628 712
456 839
666 806
365 826
876 980
465 627
234 702
19 35
447 889
595 713
15 674
173 417
636 871
49 128
266 542
300 968
764 967
182 626
276 363
72 528
418 952
601 806
303 549
857 884
832 846
526 855
726 812
667 710
278 337
639 828
392 924
672 927
7 373
575 933
458 551
25 617
183 509
985 985
746 919
560 630
957 973
558 699
20 657
399 897
697 808
491 680
273 466
349 484
911 939
296 953
686 856
270 860
149 391
204 688
316 328
345 822
419 419
165 908
957 965
758 926
133 878
365 785
257 467
590 929
707 985
750 822
338 490
320 555
327 868
718 850
235 743
898 914
35 663
46 677
658 710
900 957
784 913
163 778
563 814
467 470
945 977
500 584
918 936
546 850
240 358
833 923
930 947
839 921
761 816
365 682
796 982
568 934
602 765
199 271
341 424
437 861
604 984
350 822
705 899
79 600
73 940
666 710
673 952
419 699
183 566
549 658
158 690
160 888
769 902
321 774
955 967
424 712
805 965
603 853
904 961
68 475
752 904
541 823
374 700
111 553
828 966
868 964
167 772
620 888
174 203
302 946
783 879
119 814
113 721
17 435
162 352
875 942
597 730
536 719
520 698
401 832
614 632
165 462
289 975
759 888
57 633
613 666
106 160
984 985
617 804
934 937
776 934
130 527
392 606
480 599
678 979
726 794
375 719
580 815
135 396
298 864
610 645
232 605
711 723
384 604
553 778
437 840
329 689
22 867
950 969
422 720
876 897
908 912
359 372
455 695
800 845
967 985
226 411
856 947
623 891
978 986
476 836
70 399
490 733
378 514
328 667
228 670
77 723
480 775
732 762
28 752
452 921
313 793
679 711
953 970
756 911
439 734
930 970
923 933
593 641
669 976
906 921
353 590
246 270
444 839
799 891
707 817
688 911
110 976
653 741
813 933
823 957
22 348
579 772
353 614
122 384
514 839
462 506
638 669
244 924
505 721
603 892
297 829
313 574
598 847
475 970
258 625
54 465
625 762
440 845
574 638
269 506
401 407
358 526
909 944
393 507
493 588
331 812
556 712
532 721
415 982
798 949
736 852
22 908
510 680
32 771
761 941
756 760
487 862
645 966
365 836
429 819
843 973
708 763
873 942
219 956
451 901
334 650
980 985
626 741
144 947
273 816
882 924
5 835
195 203
641 979
497 638
174 401
337 577
98 501
907 971
952 964
579 759
754 803
146 463
98 743
728 891
819 978
970 973
895 919
728 731
467 717
857 982
264 277
368 842
16 525
912 931
176 338
284 540
58 446
140 671
7 92
793 906
158 839
753 831
801 888
421 644
128 848
825 898
353 746
781 804
511 962
323 665
475 943
321 561
36 681
711 908
277 926
169 319
296 353
727 957
891 899
783 893
53 550
287 432
282 474
192 466
116 524
334 566
577 759
44 371
887 959
152 408
603 686
914 971
896 939
714 795
254 708
119 737
25 154
616 687
508 526
341 496
682 901
853 858
282 666
902 915
553 841
239 353
562 720
636 922
837 897
959 978
909 957
568 790
413 659
464 609
725 790
708 887
756 772
796 960
121 701
191 466
527 555
781 803
832 832
141 748
721 885
362 586
106 117
976 976
378 429
668 775
280 843
424 699
347 548
340 710
408 573
426 888
915 932
749 956
524 681
14 97
307 381
892 898
472 640
504 611
919 936
403 854
730 783
601 916
503 970
731 814
184 403
477 904
602 673
294 499
882 980
705 752
554 824
72 195
132 158
896 938
873 874
242 744
510 788
673 749
797 953
665 741
326 664
449 786
550 850
504 965
612 914
902 952
582 830
520 565
323 629
183 203
553 750
855 889
311 445
204 605
269 780
403 506
971 972
475 593
541 726
626 689
499 961
240 400
198 925
256 958
770 980
301 741
415 482
567 806
113 702
4 113
157 277
693 951
488 849
163 431
355 544
300 805
353 930
533 940
408 592
152 660
193 853
212 249
597 912
971 972
814 936
865 962
753 958
392 453
397 603
439 455
357 379
150 319
391 535
794 939
197 798
104 377
936 979
684 913
739 748
383 462
752 830
914 970
152 166
983 983
45 894
547 778
732 734
370 383
169 456
55 434
187 725
652 810
406 425
904 925
562 748
692 706
638 842
48 403
772 781
427 439
39 648
162 354
840 969
601 683
854 957
671 764
930 933
927 962
485 709
116 924
627 665
914 944
322 327
761 839
802 843
496 503
307 335
815 965
353 818
642 786
556 733
355 975
143 583
354 503
628 764
920 963
381 716
461 757
270 810
802 904
265 544
537 723
360 606
204 699
368 482
528 867
796 918
774 877
866 952
754 880
739 832
237 688
424 470
204 661
335 358
278 555
611 862
301 376
447 623
755 938
382 496
854 899
127 509
37 868
688 720
497 546
309 873
315 443
408 677
521 919
471 581
768 796
275 621
663 842
304 958
277 430
628 910
927 952
683 808
752 959
6 413
138 177
333 676
88 555
84 180
7 879
585 907
658 841
88 527
241 743
390 644
449 777
106 215
477 765
432 434
208 564
928 981
115 493
295 913
296 495
772 836
875 918
244 711
6 320
781 982
770 971
713 753
194 343
396 813
528 927
901 901
620 906
887 927
819 977
969 977
911 948
729 809
894 960
315 926
445 489
789 872
280 668
407 950
94 439
351 666
680 919
443 746
131 306
565 642
359 657
409 797
202 279
309 428
63 971
712 895
155 939
84 506
105 847
346 639
654 856
751 815
119 146
250 436
393 788
179 583
202 687
859 954
163 361
785 938
702 783
92 316
55 828
732 985
106 359
427 586
512 584
280 550
670 774
394 622
309 844
17 252
713 834
841 892
851 953
975 985
398 774
642 819
979 979
474 680
796 953
64 880
489 869
374 773
705 780
859 860
96 791
39 147
841 942
852 960
88 167
768 820
237 893
656 814
719 727
754 964
167 958
597 674
957 974
496 627
716 941
976 981
779 806
781 938
979 985
274 734
267 518
428 951
32 397
468 604
301 959
148 466
871 941
920 984
36 764
494 509
875 932
205 219
481 664
177 420
732 755
228 448
6 781
744 914
569 918
582 934
179 877
765 779
755 922
27 924
696 833
26 811
273 975
608 697
472 850
223 380
960 963
240 823
160 787
528 671
164 966
506 839
892 964
574 822
155 760
269 792
421 721
271 834
855 951
903 922
256 778
208 913
250 489
871 893
859 934
890 940
764 766
673 904
530 670
964 965
806 981
847 876
61 706
158 898
70 136
502 606
136 531
218 733
60 623
304 873
593 934
760 967
186 986
932 933
505 600
618 895
737 951
42 290
580 777
606 744
727 896
903 960
495 754
223 679
59 979
638 720
896 923
435 858
410 698
748 928
780 813
647 901
571 665
623 657
854 971
607 827
464 738
332 653
35 973
539 641
824 982
912 968
323 660
437 909
534 831
842 870
517 954
945 977
937 962
263 959
535 967
129 396
158 315
947 972
549 569
458 687
55 653
522 757
208 658
941 974
415 781
804 953
445 697
708 964
199 356
708 799
601 820
11 377
918 938
790 915
89 767
512 917
822 957
285 498
401 457
896 933
909 948
494 747
745 887
435 612
880 914
884 944
274 337
555 746
83 745
242 289
877 984
568 673
189 781
324 895
412 783
52 321
671 858
299 499
566 656
266 927
60 680
24 892
392 561
646 846
675 895
342 557
900 901
308 741
456 815
732 979
375 769
846 880
961 971
462 463
705 853
904 919
235 289
205 384
617 755
710 928
91 95
705 715
650 838
352 377
451 501
107 378
516 942
102 223
403 608
20 651
426 968
881 883
300 627
916 918
570 751
88 557
601 833
949 949
138 577
7 325
502 633
38 336
368 491
83 586
559 950
152 877
430 613
743 809
18 476
273 916
938 969
810 982
103 606
486 621
364 876
295 306
804 974
422 824
216 968
