363 659
39 134
248 254
104 356
357 361
227 249
17 115
347 362
349 362
123 287
113 311
250 295
97 274
301 312
188 201
77 341
2 327
162 220
174 252
183 315
66 265
224 259
12 75
287 354
78 319
139 342
12 89
231 310
316 332
246 293
63 302
6 253
230 261
210 303
317 340
105 285
147 225
283 286
346 347
358 360
107 141
166 245
173 339
196 251
40 298
128 156
221 313
152 170
48 342
345 345
260 265
213 289
67 233
94 166
131 349
231 331
16 46
190 349
333 353
254 274
290 344
107 298
288 353
273 313
58 59
34 117
169 362
144 273
235 291
83 315
81 154
223 295
26 133
11 176
189 347
256 311
101 136
161 248
340 358
24 309
256 335
328 329
248 262
157 361
101 229
301 330
285 287
292 360
77 119
290 299
66 202
44 314
119 285
171 270
287 296
285 309
233 353
288 344
110 146
6 7
138 242
98 324
248 268
141 191
157 237
360 360
342 351
353 356
126 129
355 358
335 345
97 109
296 347
135 228
143 350
152 280
254 281
117 314
171 186
242 362
306 359
217 232
133 208
71 277
51 158
143 146
250 306
237 247
8 103
313 319
233 263
124 185
117 160
288 294
6 317
57 235
239 292
62 262
107 225
24 300
52 217
251 255
340 349
43 95
161 360
181 207
328 352
133 221
296 334
139 287
329 362
198 266
140 234
170 350
320 335
9 245
329 338
257 356
258 296
157 358
267 290
265 266
109 278
315 321
344 350
21 93
218 309
310 352
106 166
116 273
309 351
277 349
97 239
139 235
79 341
219 258
279 310
103 199
105 178
283 303
342 343
84 141
72 318
209 328
291 304
359 359
246 283
217 340
215 244
249 309
187 252
227 286
198 288
23 347
41 268
260 352
48 154
85 142
288 314
260 310
282 329
337 358
8 174
253 323
164 359
60 115
42 138
12 211
94 241
86 155
201 295
131 263
174 290
243 269
327 347
196 268
190 237
288 350
159 228
15 344
33 301
68 304
140 257
47 190
215 304
59 97
310 319
74 188
175 199
127 209
101 197
325 327
96 282
52 204
101 344
148 285
280 323
163 215
172 352
126 164
147 261
68 185
230 275
14 125
56 192
49 263
110 168
12 268
223 291
265 342
292 305
63 96
108 186
196 271
318 351
119 345
181 196
95 354
27 252
288 293
319 340
136 235
132 245
229 254
223 225
85 94
298 319
186 315
334 354
102 238
355 357
281 324
106 175
339 354
144 339
118 342
5 102
212 306
298 332
276 295
89 199
95 194
18 210
222 240
244 304
193 198
61 234
83 268
232 288
132 286
151 330
325 358
31 98
310 314
136 271
217 287
15 39
329 330
216 252
1 173
356 359
310 336
111 356
80 222
228 275
345 362
330 338
331 357
139 160
299 325
360 362
159 309
27 208
155 218
134 157
3 210
27 350
51 185
136 182
346 356
174 346
209 333
76 161
33 167
83 339
142 355
107 303
351 355
104 146
341 360
204 330
351 360
200 280
33 96
290 292
9 296
302 323
96 147
277 352
86 97
227 291
108 162
319 354
244 254
13 202
233 276
80 168
250 254
115 241
23 279
98 165
258 263
358 359
306 361
175 239
171 240
180 213
159 177
18 27
187 319
307 335
230 254
110 343
42 314
161 216
108 269
349 354
164 184
241 354
149 163
253 305
149 224
91 199
250 361
24 244
190 218
213 356
87 266
259 330
294 348
115 301
164 322
32 244
84 351
269 355
269 317
49 302
120 292
46 188
280 339
162 168
119 254
32 69
167 241
251 277
137 330
124 175
50 113
331 331
142 200
102 321
103 325
159 294
157 280
196 208
335 335
185 252
164 334
78 335
347 354
110 166
111 295
70 333
253 285
209 361
16 68
84 348
194 217
114 267
331 345
318 361
44 274
27 336
248 362
131 303
251 304
193 351
185 305
145 334
141 242
126 167
59 61
79 187
5 39
180 359
318 321
229 247
27 33
211 333
166 361
335 352
245 319
93 300
275 338
254 298
44 89
224 307
225 234
42 44
135 288
181 281
290 328
120 256
171 204
308 336
141 284
125 266
239 252
315 337
123 152
337 360
303 359
38 98
309 354
220 261
218 337
353 358
196 327
66 198
193 347
120 298
72 329
126 239
234 331
336 348
290 328
211 335
268 285
293 334
113 332
345 349
106 187
10 296
256 312
19 261
352 354
286 333
352 356
91 116
310 331
30 151
129 207
273 335
40 344
35 55
165 178
251 278
40 286
351 352
332 350
43 146
272 337
150 229
314 323
263 291
320 339
13 205
217 238
7 227
118 316
223 340
202 291
86 268
97 294
293 294
228 266
289 290
2 146
77 310
336 341
275 302
151 216
276 348
204 277
110 161
28 258
79 87
23 108
22 274
269 327
282 323
246 321
207 341
306 330
115 337
132 358
302 339
288 356
18 170
232 256
116 333
35 213
326 338
146 336
26 46
108 289
347 353
65 298
58 232
345 361
76 84
273 291
335 357
314 319
168 299
55 184
144 216
89 284
55 74
116 177
157 233
10 265
84 359
127 194
222 310
278 361
329 359
228 309
233 343
103 302
8 270
227 338
213 253
290 300
336 354
130 260
237 333
186 227
311 349
336 354
13 19
125 299
171 212
248 266
314 316
221 278
308 319
152 165
147 235
342 352
127 353
89 316
200 330
4 337
333 337
343 344
187 231
353 356
22 181
130 180
88 347
226 262
139 230
309 321
290 305
163 222
204 311
58 184
290 296
65 245
321 323
144 333
176 210
323 343
335 360
154 239
70 163
121 134
347 347
342 358
342 352
23 236
327 332
126 164
330 360
168 358
174 313
333 336
199 218
251 298
286 334
211 339
169 306
324 342
202 260
171 351
112 299
194 292
326 359
343 351
86 232
19 210
299 347
357 359
358 360
217 329
61 152
256 274
87 194
138 246
147 206
84 211
96 116
263 353
344 354
304 344
352 352
53 81
221 305
214 235
